locus_tag p_1 p_2 p_2V p_2S p_3 p_4 q_1 q_2 q_2V q_2S q_3 q_4
CCNA_01905 0 0 0 0 0 0 0 0 0 0 0 1
CCNA_02262 0 0 0 0 0 0 1 0 0 0 0 0
CCNA_01029 1 0 0 0 0 0 0 0 0 0 0 0
CCNA_00835 1 0 0 0 0 0 0 0 0 0 0 0
CCNA_03320 1 0 0 0 0 0 0 0 0 0 0 0
CCNA_02305 0 0 0 0 0 0 1 0 0 0 0 0
CCNA_02671 0 0 0 0 0 0 1 0 0 0 0 0
CCNA_03149 0 0 0 0 0 0 1 0 0 0 0 0
CCNA_03103 0 0 0 0 0 1 0 0 0 0 0 0
CCNA_00759 0 0 0 0 0 0 0 0 0 0 0 1
CCNA_02113 0 0 0 0 0 0 1 0 0 0 0 0
CCNA_02208 0 0 0 0 0 0 1 0 0 0 0 0
CCNA_01687 0 0 0 0 0 0 0 0 0 0 0 1
CCNA_01209 0 0 0 0 0 0 0 0 0 0 0 1
CCNA_03598 1 0 0 0 0 0 0 0 0 0 0 0
CCNA_00495 0 0 0 0 0 0 1 0 0 0 0 0
CCNA_01404 0 0 0 0 0 0 1 0 0 0 0 0
CCNA_00499 0 0 0 0 0 0 1 0 0 0 0 0
CCNA_01369 0 0 0 0 0 0 1 0 0 0 0 0
CCNA_01396 0 0 0 0 0 0 0 1 0 1 0 0
CCNA_02444 0 0 0 0 0 0 0 0 0 0 0 1
CCNA_03809 1 0 0 0 0 0 0 0 0 0 0 0
CCNA_00659 0 0 0 0 0 0 1 0 0 0 0 0
CCNA_00531 0 0 0 0 0 0 1 0 0 0 0 0
CCNA_01191 0 0 0 0 0 0 1 0 0 0 0 0
CCNA_03469 0 0 0 0 0 0 1 0 0 0 0 0
CCNA_02402 0 0 0 0 0 0 1 0 0 0 0 0
CCNA_01554 0 0 0 0 0 0 0 0 0 0 1 0
CCNA_01128 0 0 0 0 0 0 1 0 0 0 0 0
CCNA_02161 0 0 0 0 0 0 1 0 0 0 0 0
CCNA_03810 0 0 0 0 0 1 0 0 0 0 0 0
CCNA_03144 0 0 0 0 0 0 0 0 0 0 0 1
CCNA_03655 1 0 0 0 0 0 0 0 0 0 0 0
CCNA_02310 0 0 0 0 0 0 0 0 0 0 0 1
CCNA_02961 0 0 0 0 0 0 0 0 0 0 0 1
CCNA_02744 0 0 0 0 0 0 0 0 0 0 1 0
CCNA_00865 1 0 0 0 0 0 0 0 0 0 0 0
CCNA_00029 0 0 0 0 0 0 0 1 0 1 0 0
CCNA_02920 0 0 0 0 0 1 0 0 0 0 0 0
CCNA_02507 1 0 0 0 0 0 0 0 0 0 0 0
CCNA_01450 0 0 0 0 0 0 0 0 0 0 0 1
CCNA_03053 0 0 0 0 0 0 1 0 0 0 0 0
CCNA_01696 0 0 0 0 0 0 1 0 0 0 0 0
CCNA_02902 1 0 0 0 0 0 0 0 0 0 0 0
CCNA_01250 1 0 0 0 0 0 0 0 0 0 0 0
CCNA_01163 0 0 0 0 0 0 0 0 0 0 0 1
CCNA_01161 0 0 0 0 0 0 1 0 0 0 0 0
CCNA_01162 0 0 0 0 0 0 1 0 0 0 0 0
CCNA_01278 0 0 0 0 0 0 0 0 0 0 0 1
CCNA_03620 0 0 0 0 0 0 0 0 0 0 0 1
CCNA_02699 0 0 0 0 0 0 0 0 0 0 1 0
CCNA_01808 0 0 0 0 0 0 0 0 0 0 0 1
CCNA_00080 0 0 0 0 0 0 0 0 0 0 0 1
CCNA_01123 0 0 0 0 0 0 1 0 0 0 0 0
CCNA_02608 0 0 0 0 0 0 0 0 0 0 0 1
CCNA_01493 0 0 0 0 0 0 0 0 0 0 1 0
CCNA_02712 0 0 0 0 0 0 1 0 0 0 0 0
CCNA_01360 0 0 0 0 0 0 1 0 0 0 0 0
