locus_tag p_1 p_2 p_2V p_2S p_3 p_4 q_1 q_2 q_2V q_2S q_3 q_4
CCNA_01922 0 0 0 0 0 0 0 0 0 0 1 0
CCNA_03685 0 0 0 0 0 0 0 0 0 0 0 1
CCNA_02269 0 0 0 0 0 0 1 0 0 0 0 0
CCNA_01196 0 0 0 0 0 0 0 1 0 1 0 0
CCNA_03579 0 0 0 0 0 0 1 0 0 0 0 0
CCNA_01194 0 0 0 0 0 0 0 1 0 1 0 0
CCNA_01998 0 0 0 0 0 0 0 0 0 0 0 1
CCNA_00979 1 0 0 0 0 0 0 0 0 0 0 0
CCNA_02325 0 0 0 0 0 0 1 0 0 0 0 0
CCNA_00556 0 0 0 0 0 0 0 0 0 0 0 1
CCNA_02643 0 0 0 0 0 0 0 0 0 0 0 1
CCNA_02135 0 0 0 0 0 0 1 0 0 0 0 0
CCNA_00854 0 0 0 0 0 0 0 0 0 0 0 1
CCNA_01151 0 0 0 0 0 0 1 0 0 0 0 0
CCNA_01780 1 0 0 0 0 0 0 0 0 0 0 0
CCNA_00737 1 0 0 0 0 0 0 0 0 0 0 1
CCNA_01649 0 0 0 0 0 0 0 1 0 1 0 0
CCNA_00475 0 0 0 0 0 0 1 0 0 0 0 0
CCNA_00472 0 0 0 0 0 0 1 0 0 0 0 0
CCNA_01054 0 0 0 0 0 0 0 0 0 0 0 1
CCNA_01019 0 0 0 0 0 0 0 0 0 0 1 0
CCNA_03090 0 0 0 0 0 0 1 0 0 0 0 0
CCNA_01664 0 0 0 0 0 0 1 0 0 0 0 0
CCNA_00436 0 0 0 0 0 0 1 0 0 0 0 0
CCNA_00570 0 0 0 0 0 1 0 0 0 0 0 0
CCNA_03248 0 0 0 0 0 0 0 0 0 0 0 1
CCNA_01899 0 0 0 0 0 0 0 0 0 0 0 1
CCNA_01917 0 0 0 0 0 0 1 0 0 0 0 0
CCNA_02529 0 0 0 0 0 0 1 0 0 0 0 0
CCNA_03198 0 0 0 0 0 0 1 0 0 0 0 0
CCNA_02017 0 0 0 0 0 0 1 0 0 0 0 0
CCNA_01089 0 0 0 0 0 0 0 0 0 0 0 1
CCNA_03139 0 0 0 0 0 0 0 0 0 0 0 1
CCNA_01939 0 0 0 0 0 0 0 1 0 1 0 0
CCNA_01086 0 0 0 0 0 0 1 0 0 0 0 0
CCNA_03722 0 0 0 0 0 0 1 0 0 0 0 0
CCNA_00720 0 0 0 0 0 0 1 0 0 0 0 0
CCNA_02700 0 0 0 0 0 0 0 1 0 1 0 0
CCNA_01149 0 0 0 0 0 0 0 1 0 1 0 0
CCNA_00927 0 0 0 0 0 0 1 0 0 0 0 0
CCNA_01378 0 0 0 0 0 1 0 0 0 0 0 0
CCNA_00024 0 0 0 0 0 0 0 0 0 0 0 1
CCNA_03845 0 0 0 0 0 0 0 1 1 0 0 0
CCNA_02125 0 0 0 0 0 0 0 0 0 0 0 1
CCNA_02259 0 0 0 0 0 0 0 0 0 0 0 1
CCNA_03781 0 0 0 0 0 0 0 0 0 0 1 0
CCNA_00827 0 0 0 0 0 0 0 0 0 0 0 1
CCNA_00964 0 0 0 0 0 0 1 0 0 0 0 0
CCNA_01230 0 0 0 0 0 0 0 0 0 0 0 1
CCNA_02942 1 0 0 0 0 0 0 0 0 0 0 0
CCNA_00217 0 0 0 0 0 0 1 0 0 0 0 0
CCNA_03867 0 0 0 0 0 0 0 0 0 0 0 1
CCNA_03392 0 0 0 0 0 0 1 0 0 0 0 0
CCNA_01894 0 0 0 0 0 0 0 0 0 0 0 1
CCNA_01124 1 0 0 0 0 0 0 0 0 0 0 0
CCNA_01538 0 0 0 0 0 0 0 0 0 0 0 1
CCNA_01676 0 0 0 0 0 0 1 0 0 0 0 0
CCNA_03309 0 0 0 0 0 0 0 0 0 0 0 1
CCNA_01808 0 0 0 0 0 0 1 0 0 0 0 0
CCNA_03347 0 0 0 0 0 0 0 0 0 0 0 1
CCNA_02516 0 0 0 0 0 0 1 0 0 0 0 0
CCNA_03047 0 0 0 0 0 0 0 0 0 0 0 1
CCNA_01613 0 0 0 0 0 0 0 0 0 0 0 1
CCNA_01611 0 0 0 0 0 0 0 0 0 0 0 1
CCNA_03202 0 0 0 0 0 0 1 0 0 0 0 0
