locus_tag p_1 p_2 p_2V p_2S p_3 p_4 q_1 q_2 q_2V q_2S q_3 q_4
CCNA_00026 1 0 0 0 0 0 0 0 0 0 0 0
CCNA_03738 0 0 0 0 0 1 0 0 0 0 0 0
CCNA_00388 1 0 0 0 0 0 0 0 0 0 0 0
CCNA_00910 0 0 0 0 0 0 1 0 0 0 0 0
CCNA_03027 1 0 0 0 0 0 0 0 0 0 0 0
CCNA_02244 0 0 0 0 0 1 0 0 0 0 0 0
CCNA_00760 1 0 0 0 0 0 0 0 0 0 0 0
CCNA_02579 0 0 0 0 0 1 0 0 0 0 0 0
CCNA_03732 0 0 0 0 0 0 1 0 0 0 0 0
CCNA_03285 1 0 0 0 0 0 0 0 0 0 0 0
CCNA_00575 1 0 0 0 0 0 0 0 0 0 0 0
CCNA_00695 1 0 0 0 0 0 0 0 0 0 0 0
CCNA_03026 0 0 0 0 0 1 0 0 0 0 0 0
CCNA_00774 0 0 0 0 0 0 0 0 0 0 0 1
CCNA_02153 1 0 0 0 0 0 0 0 0 0 0 0
CCNA_03412 1 0 0 0 0 0 0 0 0 0 0 0
CCNA_01200 0 0 0 0 0 0 0 0 0 0 0 1
CCNA_00136 1 0 0 0 0 0 0 0 0 0 0 0
CCNA_00850 0 0 0 0 0 0 2 0 0 0 0 0
CCNA_00976 1 0 0 0 0 0 0 0 0 0 0 0
CCNA_02117 0 1 0 1 0 0 0 0 0 0 0 0
CCNA_02368 0 0 0 0 0 1 0 0 0 0 0 0
CCNA_00597 1 0 0 0 0 0 0 0 0 0 0 0
CCNA_00922 0 0 0 0 0 1 0 0 0 0 0 0
CCNA_00474 0 0 0 0 0 0 0 1 0 1 0 0
CCNA_01504 1 0 0 0 0 0 0 0 0 0 0 0
CCNA_00665 1 0 0 0 0 0 0 0 0 0 0 0
CCNA_03792 0 0 0 0 0 0 0 1 0 1 0 0
CCNA_02853 0 0 0 0 0 0 1 0 0 0 0 0
CCNA_03735 0 1 0 1 0 0 0 0 0 0 0 0
CCNA_02442 0 1 0 1 0 0 0 0 0 0 0 0
CCNA_03318 1 0 0 0 0 0 0 0 0 0 0 0
CCNA_03095 0 1 1 0 0 0 0 0 0 0 0 0
CCNA_01521 0 0 0 0 0 0 1 0 0 0 0 0
CCNA_00659 1 0 0 0 0 0 0 0 0 0 0 0
CCNA_03113 0 1 0 1 0 0 0 0 0 0 0 0
CCNA_00414 0 0 0 0 0 1 0 0 0 0 0 0
CCNA_03454 1 0 0 0 0 0 0 0 0 0 0 0
CCNA_01615 0 0 0 0 0 0 0 1 0 1 0 0
CCNA_03334 1 0 0 0 0 0 0 0 0 0 0 0
CCNA_01678 1 0 0 0 0 0 0 0 0 0 0 0
CCNA_03012 0 0 0 0 0 0 0 0 0 0 0 1
CCNA_02854 0 0 0 0 0 0 0 0 0 0 0 1
CCNA_03525 1 0 0 0 0 0 0 0 0 0 0 0
CCNA_03655 0 0 0 0 0 0 0 1 0 1 0 0
CCNA_01385 0 0 0 0 0 0 1 0 0 0 0 0
CCNA_02961 1 0 0 0 0 0 0 0 0 0 0 0
CCNA_02124 0 0 0 0 0 1 0 0 0 0 0 0
CCNA_01218 0 0 0 0 0 1 0 0 0 0 0 0
CCNA_02640 0 1 0 1 0 0 0 0 0 0 0 0
CCNA_00254 0 1 0 1 0 0 0 0 0 0 0 0
CCNA_01145 1 0 0 0 0 0 0 0 0 0 0 0
CCNA_00862 1 0 0 0 0 0 0 0 0 0 0 0
CCNA_00801 1 0 0 0 0 0 0 0 0 0 0 0
CCNA_00162 1 0 0 0 0 0 0 0 0 0 0 0
CCNA_01417 0 0 0 0 0 0 0 1 0 1 0 0
CCNA_00707 0 0 0 0 0 0 0 0 0 0 0 1
CCNA_00485 0 1 0 1 0 0 0 0 0 0 0 0
CCNA_03879 0 0 0 0 0 0 1 0 0 0 0 0
CCNA_03516 0 1 0 1 0 0 0 0 0 0 0 0
CCNA_01101 1 0 0 0 0 0 0 0 0 0 0 0
CCNA_02670 1 0 0 0 0 0 0 0 0 0 0 0
CCNA_00086 0 1 0 1 0 0 0 0 0 0 0 0
CCNA_03225 1 0 0 0 0 0 0 0 0 0 0 0
CCNA_00773 1 0 0 0 0 0 0 0 0 0 0 0
CCNA_00443 0 0 0 0 0 0 0 0 0 0 0 1
CCNA_02980 1 0 0 0 0 0 0 0 0 0 0 0
CCNA_03261 1 0 0 0 0 0 0 0 0 0 0 0
CCNA_00089 0 0 0 0 0 1 0 0 0 0 0 0
CCNA_01398 1 0 0 0 0 0 0 0 0 0 0 0
CCNA_03031 0 0 0 0 0 0 0 1 0 1 0 0
CCNA_02324 1 0 0 0 0 0 0 0 0 0 0 0
