locus_tag p_1 p_2 p_2V p_2S p_3 p_4 q_1 q_2 q_2V q_2S q_3 q_4
CCNA_03322 1 0 0 0 0 0 0 0 0 0 0 0
CCNA_01926 0 0 0 0 0 0 0 0 0 0 0 1
CCNA_00659 0 0 0 0 0 0 0 0 0 0 0 1
CCNA_01196 0 1 1 0 0 0 0 0 0 0 0 0
CCNA_01588 0 0 0 0 0 0 1 0 0 0 0 0
CCNA_02617 0 0 0 0 0 0 0 0 0 0 0 1
CCNA_03435 0 0 0 0 0 0 0 0 0 0 0 1
CCNA_00851 0 0 0 0 0 0 1 1 0 1 0 0
CCNA_02435 0 0 0 0 0 0 1 0 0 0 0 0
CCNA_03603 1 0 0 0 0 0 0 0 0 0 0 0
CCNA_03794 0 0 0 0 0 0 1 0 0 0 0 0
CCNA_02115 0 0 0 0 0 0 1 0 0 0 0 0
CCNA_01579 0 0 0 0 0 0 0 1 0 1 0 0
CCNA_03071 1 0 0 0 0 0 0 0 0 0 0 0
CCNA_01615 0 0 0 0 0 0 1 0 0 0 0 0
CCNA_03948 0 0 0 0 0 0 1 0 0 0 0 0
CCNA_01051 0 0 0 0 0 0 0 0 0 0 0 1
CCNA_02813 0 0 0 0 0 0 1 0 0 0 0 0
CCNA_00203 0 0 0 0 0 0 0 0 0 0 0 1
CCNA_01387 0 1 0 1 0 0 0 0 0 0 0 0
CCNA_00985 0 0 0 0 0 0 1 0 0 0 0 0
CCNA_00456 0 0 0 0 0 0 1 0 0 0 0 0
CCNA_00091 0 0 0 0 0 0 0 0 0 0 0 1
CCNA_00821 0 0 0 0 0 0 1 0 0 0 0 0
CCNA_00413 0 0 0 0 0 0 0 0 0 0 0 1
CCNA_02753 0 0 0 0 0 0 0 0 0 0 1 0
CCNA_01627 0 0 0 0 0 0 1 0 0 0 0 0
CCNA_03691 0 0 0 0 0 1 0 0 0 0 0 0
CCNA_03696 0 0 0 0 0 0 0 0 0 0 1 0
CCNA_02166 0 0 0 0 0 1 0 0 0 0 0 0
CCNA_02705 1 0 0 0 0 0 1 1 0 1 0 0
CCNA_02054 1 0 0 0 0 0 0 0 0 0 0 0
CCNA_02881 0 0 0 0 0 0 1 0 0 0 0 0
CCNA_00729 0 1 0 1 0 0 0 0 0 0 0 0
CCNA_00762 0 0 0 0 0 0 1 0 0 0 0 0
CCNA_01029 0 0 0 0 0 1 0 0 0 0 0 0
CCNA_00922 0 1 0 1 0 0 0 0 0 0 0 0
CCNA_02923 0 0 0 0 0 0 1 0 0 0 0 0
CCNA_00962 0 0 0 0 0 0 0 0 0 0 0 1
CCNA_00867 1 0 0 0 0 0 0 0 0 0 0 0
CCNA_00965 0 1 0 1 0 0 0 0 0 0 0 0
CCNA_02859 0 0 0 0 0 0 1 0 0 0 0 0
CCNA_00109 0 0 0 0 0 0 1 0 0 0 0 0
CCNA_01695 0 1 0 1 0 0 0 0 0 0 0 0
CCNA_00314 0 0 0 0 0 0 1 0 0 0 0 0
CCNA_01884 1 0 0 0 0 0 0 0 0 0 0 0
CCNA_00850 1 0 0 0 0 0 0 0 0 0 0 0
CCNA_03893 0 0 0 0 0 1 0 0 0 0 0 0
CCNA_00180 0 0 0 0 0 0 1 0 0 0 0 0
CCNA_02545 0 0 0 0 0 0 1 0 0 0 0 0
CCNA_01290 0 1 0 1 0 0 0 0 0 0 0 0
CCNA_01494 0 0 0 0 0 0 1 0 0 0 0 0
CCNA_01734 0 0 0 0 0 0 1 0 0 0 0 0
CCNA_01966 1 0 0 0 0 0 0 0 0 0 0 0
CCNA_02845 0 0 0 0 0 0 1 0 0 0 0 0
CCNA_02867 0 0 0 0 0 0 1 0 0 0 0 0
CCNA_03582 0 0 0 0 0 0 0 0 0 0 0 1
