locus_tag p_1 p_2 p_2V p_2S p_3 p_4 q_1 q_2 q_2V q_2S q_3 q_4
CCNA_02261 1 0 0 0 0 0 1 0 0 0 0 0
CCNA_03734 0 0 0 0 0 0 0 0 0 0 0 1
CCNA_03126 0 0 0 0 0 0 1 0 0 0 0 0
CCNA_01884 0 0 0 0 0 0 1 0 0 0 0 0
CCNA_00776 1 0 0 0 0 0 0 0 0 0 0 0
CCNA_02134 0 0 0 0 0 0 1 0 0 0 0 0
CCNA_00850 0 0 0 0 0 0 1 0 0 0 0 0
CCNA_03048 0 0 0 0 0 0 1 0 0 0 0 0
CCNA_02129 1 0 0 0 0 0 0 0 0 0 0 0
CCNA_02086 1 0 0 0 0 0 0 0 0 0 0 0
CCNA_00852 0 0 0 0 0 0 1 0 0 0 0 0
CCNA_01010 1 0 0 0 0 0 0 0 0 0 0 0
CCNA_00364 1 0 0 0 0 0 0 0 0 0 0 0
CCNA_01131 0 0 0 0 0 1 0 0 0 0 0 0
CCNA_00456 1 0 0 0 0 0 0 0 0 0 0 0
CCNA_00974 0 0 0 0 0 0 1 0 0 0 0 0
CCNA_01663 0 0 0 0 0 0 0 0 0 0 1 0
CCNA_02945 1 0 0 0 0 0 0 0 0 0 0 0
CCNA_00793 1 0 0 0 0 0 0 0 0 0 0 0
CCNA_00658 0 0 0 0 0 0 0 0 0 0 0 1
CCNA_01812 1 0 0 0 0 0 0 0 0 0 0 0
CCNA_02180 0 0 0 0 0 0 0 0 0 0 0 1
CCNA_02013 1 0 0 0 0 0 0 0 0 0 0 0
CCNA_01520 1 0 0 0 0 0 0 0 0 0 0 0
CCNA_01937 0 1 0 1 0 0 0 0 0 0 0 0
CCNA_02742 1 0 0 0 0 0 0 0 0 0 0 0
CCNA_01473 1 0 0 0 0 0 0 0 0 0 0 0
CCNA_01214 1 0 0 0 0 0 0 0 0 0 0 0
CCNA_00920 0 0 0 0 0 1 0 0 0 0 0 0
CCNA_00101 0 0 0 0 0 1 0 0 0 0 0 0
CCNA_03634 2 0 0 0 0 1 0 0 0 0 0 0
CCNA_00124 0 0 0 0 0 0 1 0 0 0 0 0
CCNA_02921 1 0 0 0 0 0 0 0 0 0 0 0
CCNA_01598 0 0 0 0 0 0 0 0 0 0 0 1
CCNA_00316 0 0 0 0 0 0 0 0 0 0 0 1
CCNA_02875 0 0 0 0 0 0 0 0 0 0 0 1
CCNA_03878 1 0 0 0 0 0 0 0 0 0 0 0
CCNA_01639 0 0 0 0 0 0 1 0 0 0 0 0
CCNA_00604 1 0 0 0 0 0 0 0 0 0 0 0
CCNA_01827 1 0 0 0 0 0 0 0 0 0 0 0
CCNA_01868 0 1 0 1 0 0 0 0 0 0 0 0
CCNA_02794 0 1 0 1 0 0 0 0 0 0 0 0
CCNA_01736 0 0 0 0 0 0 0 0 0 0 0 1
CCNA_02518 0 0 0 0 0 0 0 1 0 1 0 0
CCNA_02141 0 0 0 0 0 1 0 0 0 0 0 0
CCNA_01803 1 0 0 0 0 0 0 0 0 0 0 0
CCNA_02986 0 0 0 0 0 0 1 0 0 0 0 0
