locus_tag p_1 p_2 p_2V p_2S p_3 p_4 q_1 q_2 q_2V q_2S q_3 q_4
CCNA_02007 0 0 0 0 0 0 0 0 0 0 0 1
CCNA_01095 0 0 0 0 0 1 0 0 0 0 0 0
CCNA_03040 1 0 0 0 0 0 0 0 0 0 0 0
CCNA_03436 1 0 0 0 0 0 0 0 0 0 0 0
CCNA_02975 0 0 0 0 0 0 1 0 0 0 0 0
CCNA_02959 0 0 0 0 0 0 0 1 0 1 0 0
CCNA_01242 1 0 0 0 0 0 0 0 0 0 0 0
CCNA_02136 0 0 0 0 0 0 0 1 0 1 0 0
CCNA_00172 0 0 0 0 0 1 0 0 0 0 0 0
CCNA_00173 1 0 0 0 0 0 0 0 0 0 0 0
CCNA_01340 0 0 0 0 0 0 0 0 0 0 0 1
CCNA_03867 0 1 1 0 0 0 0 0 0 0 0 0
CCNA_02815 0 0 0 0 0 0 0 0 0 0 0 1
CCNA_02509 0 0 0 0 0 0 1 0 0 0 0 0
CCNA_03238 0 1 0 1 0 0 0 0 0 0 0 0
CCNA_01737 0 1 1 0 0 0 0 0 0 0 0 0
CCNA_01263 1 0 0 0 0 0 0 0 0 0 0 0
CCNA_02606 0 0 0 0 0 0 1 0 0 0 0 0
CCNA_00962 0 0 0 0 0 0 0 0 0 0 0 1
CCNA_00147 0 0 0 0 0 0 0 1 0 1 0 0
CCNA_02901 0 0 0 0 0 1 0 0 0 0 0 0
CCNA_01256 0 0 0 0 0 0 0 0 0 0 0 1
CCNA_01651 0 0 0 0 0 0 0 1 0 1 0 0
CCNA_00357 0 0 0 0 0 1 0 0 0 0 0 0
CCNA_00990 0 0 0 0 0 0 0 0 0 0 0 1
CCNA_00507 0 0 0 0 0 1 0 0 0 0 0 0
CCNA_02980 0 0 0 0 0 1 0 0 0 0 0 0
CCNA_00405 0 0 0 0 0 0 0 1 0 1 0 0
CCNA_00040 0 0 0 0 0 0 0 0 0 0 0 1
CCNA_00089 1 0 0 0 0 0 0 0 0 0 0 0
