locus_tag p_1 p_2 p_2V p_2S p_3 p_4 q_1 q_2 q_2V q_2S q_3 q_4
CCNA_02615 0 0 0 0 0 1 0 0 0 0 0 0
CCNA_00959 0 1 0 1 0 0 0 0 0 0 0 0
CCNA_00133 0 0 0 0 0 0 0 0 0 0 0 1
CCNA_01012 1 0 0 0 0 0 0 0 0 0 0 0
CCNA_00496 0 0 0 0 0 0 1 0 0 0 0 0
CCNA_01071 0 0 0 0 0 0 0 0 0 0 0 1
CCNA_01956 0 0 0 0 0 0 0 0 0 0 0 1
CCNA_00336 1 0 0 0 0 0 0 0 0 0 0 0
CCNA_01951 0 0 0 0 0 0 0 0 0 0 0 1
CCNA_03374 1 0 0 0 0 0 0 0 0 0 0 0
CCNA_03317 1 0 0 0 0 0 0 0 0 0 0 0
CCNA_02781 0 0 0 0 0 1 0 0 0 0 0 0
CCNA_00826 0 0 0 0 0 0 0 0 0 0 0 1
CCNA_03159 1 0 0 0 0 0 0 0 0 0 0 0
CCNA_02562 0 0 0 0 0 0 0 0 0 0 0 1
CCNA_02665 0 0 0 0 0 0 0 0 0 0 0 1
CCNA_00720 0 0 0 0 0 0 0 1 0 1 0 0
CCNA_02662 0 0 0 0 0 0 1 0 0 0 0 0
CCNA_03865 1 0 0 0 0 0 0 0 0 0 0 0
CCNA_02291 0 0 0 0 0 1 0 0 0 0 0 0
CCNA_00357 1 0 0 0 0 0 0 0 0 0 0 0
CCNA_01047 0 0 0 0 0 0 0 0 0 0 0 1
CCNA_01718 1 0 0 0 0 0 0 0 0 0 0 0
CCNA_01945 1 0 0 0 0 0 0 0 0 0 0 0
CCNA_00089 0 0 0 0 0 0 1 0 0 0 0 0
CCNA_01866 1 0 0 0 0 0 0 0 0 0 0 0
CCNA_03640 0 0 0 0 0 0 1 0 0 0 0 0
