locus_tag p_1 p_2 p_2V p_2S p_3 p_4 q_1 q_2 q_2V q_2S q_3 q_4
CCNA_02482 0 0 0 0 0 0 1 0 0 0 0 0
CCNA_01198 1 0 0 0 0 0 0 0 0 0 0 0
CCNA_02342 0 0 0 0 0 0 1 0 0 0 0 0
CCNA_02120 0 1 1 0 0 0 0 0 0 0 0 0
CCNA_03570 0 0 0 0 0 1 0 0 0 0 0 0
CCNA_00911 0 1 0 1 0 0 0 0 0 0 0 0
CCNA_02811 1 0 0 0 0 0 0 0 0 0 0 0
CCNA_00540 0 0 0 0 0 1 0 0 0 0 0 0
CCNA_02493 1 0 0 0 0 0 0 0 0 0 0 0
CCNA_03500 0 0 0 0 0 0 1 0 0 0 0 0
CCNA_03343 0 0 0 0 0 0 1 0 0 0 0 0
CCNA_01728 0 0 0 0 0 0 1 0 0 0 0 0
CCNA_00649 0 0 0 0 0 0 0 0 0 0 0 1
CCNA_00980 1 0 0 0 0 0 0 0 0 0 0 0
CCNA_01490 1 0 0 0 0 0 0 0 0 0 0 0
CCNA_03292 0 0 0 0 0 0 1 1 0 1 0 0
CCNA_02983 1 0 0 0 0 0 0 0 0 0 0 0
CCNA_02682 1 0 0 0 0 0 0 0 0 0 0 0
CCNA_01155 0 0 0 0 0 1 0 0 0 0 0 0
CCNA_03108 0 0 0 0 0 0 0 0 0 0 0 1
CCNA_00115 0 0 0 0 0 0 1 0 0 0 0 0
