locus_tag p_1 p_2 p_2V p_2S p_3 p_4 q_1 q_2 q_2V q_2S q_3 q_4
CCNA_03128 1 0 0 0 0 0 0 0 0 0 0 0
CCNA_03240 0 0 0 0 0 0 1 0 0 0 0 0
CCNA_02002 1 0 0 0 0 0 0 0 0 0 0 0
CCNA_01635 0 0 0 0 0 0 1 0 0 0 0 0
CCNA_03249 1 0 0 0 0 0 0 0 0 0 0 0
CCNA_03006 0 0 0 0 0 0 1 0 0 0 0 0
CCNA_03731 1 0 0 0 0 0 0 0 0 0 0 0
CCNA_00195 0 0 0 0 0 0 0 1 0 1 0 0
CCNA_01225 1 0 0 0 0 0 0 0 0 0 0 0
CCNA_02221 0 0 0 0 0 0 1 0 0 0 0 0
CCNA_02612 1 0 0 0 0 0 0 0 0 0 0 0
CCNA_00778 0 1 0 1 0 0 0 0 0 0 0 0
CCNA_01031 0 0 0 0 0 1 0 0 0 0 0 0
CCNA_00292 0 0 0 0 0 1 0 0 0 0 0 0
CCNA_00016 0 0 0 0 0 0 0 0 0 0 0 1
CCNA_01034 0 0 0 0 0 1 0 0 0 0 0 0
CCNA_01220 1 0 0 0 0 0 0 0 0 0 0 0
CCNA_00974 1 0 0 0 0 0 0 0 0 0 0 0
CCNA_01684 1 0 0 0 0 0 0 0 0 0 0 0
CCNA_03599 0 0 0 0 0 0 0 0 0 0 0 1
CCNA_00566 0 0 0 0 0 0 0 0 0 0 0 1
CCNA_00262 0 0 0 0 0 0 1 0 0 0 0 0
CCNA_00591 1 0 0 0 0 0 0 0 0 0 0 0
CCNA_03577 0 0 0 0 0 0 0 0 0 0 0 1
CCNA_00302 0 0 0 0 0 0 0 1 0 1 0 0
CCNA_01760 0 0 0 0 0 0 0 0 0 0 0 1
CCNA_03380 0 0 0 0 0 0 1 0 0 0 0 0
CCNA_00612 0 0 0 0 0 1 0 0 0 0 0 0
CCNA_01954 0 1 0 1 0 0 0 0 0 0 0 0
CCNA_00980 0 0 0 0 0 0 1 0 0 0 0 0
CCNA_02115 1 0 0 0 0 0 0 0 0 0 0 0
CCNA_03316 0 0 0 0 0 0 0 0 0 0 0 1
CCNA_03253 1 0 0 0 0 0 0 0 0 0 0 0
CCNA_02059 0 0 0 0 0 1 0 0 0 0 0 0
CCNA_03704 0 0 0 0 0 0 0 0 0 0 0 1
CCNA_01833 0 0 0 0 0 0 0 0 0 0 0 1
CCNA_02307 1 0 0 0 0 0 0 0 0 0 0 0
CCNA_01858 1 0 0 0 0 0 0 0 0 0 0 0
CCNA_01741 1 0 0 0 0 0 0 0 0 0 0 0
CCNA_03675 0 0 0 0 0 0 1 0 0 0 0 0
CCNA_00295 0 0 0 0 0 0 1 0 0 0 0 0
CCNA_03677 0 0 0 0 0 0 1 0 0 0 0 0
CCNA_02607 1 0 0 0 0 0 0 0 0 0 0 0
CCNA_03655 0 0 0 0 0 0 1 0 0 0 0 0
CCNA_03177 0 0 0 0 0 0 1 0 0 0 0 0
CCNA_00128 0 0 0 0 0 1 0 0 0 0 0 0
CCNA_00259 1 0 0 0 0 0 0 0 0 0 0 0
CCNA_03174 0 0 0 0 0 0 1 0 0 0 0 0
CCNA_00689 0 0 0 0 0 0 0 0 0 0 0 1
CCNA_00005 1 0 0 0 0 0 0 0 0 0 0 0
CCNA_03528 0 0 0 0 0 1 0 0 0 0 0 0
CCNA_03898 0 0 0 0 0 0 1 0 0 0 0 0
CCNA_02120 0 0 0 0 0 0 0 0 0 0 0 1
CCNA_01069 0 0 0 0 0 0 1 0 0 0 0 0
CCNA_02915 2 0 0 0 0 0 0 0 0 0 0 0
CCNA_00668 1 0 0 0 0 0 0 0 0 0 0 0
CCNA_02072 0 0 0 0 0 0 1 0 0 0 0 0
CCNA_02849 0 0 0 0 0 0 1 0 0 0 0 0
CCNA_02451 0 0 0 0 0 1 0 0 0 0 0 0
CCNA_03262 1 0 0 0 0 0 0 0 0 0 0 0
CCNA_00401 0 0 0 0 0 0 1 0 0 0 0 0
CCNA_01462 0 0 0 0 0 0 0 0 0 0 0 1
