locus_tag p_1 p_2 p_2V p_2S p_3 p_4 q_1 q_2 q_2V q_2S q_3 q_4
CCNA_01841 1 0 0 0 0 0 0 0 0 0 0 0
CCNA_01923 1 0 0 0 0 0 0 0 0 0 0 0
CCNA_03758 0 0 0 0 0 0 1 0 0 0 0 0
CCNA_03573 1 0 0 0 0 0 0 0 0 0 0 0
CCNA_03711 1 0 0 0 0 0 0 0 0 0 0 0
CCNA_01095 1 0 0 0 0 0 0 0 0 0 0 0
CCNA_01466 1 0 0 0 0 0 0 0 0 0 0 0
CCNA_03849 0 0 0 0 0 1 0 0 0 0 0 0
CCNA_01324 1 0 0 0 0 0 0 0 0 0 0 0
CCNA_01202 1 0 0 0 0 0 0 0 0 0 0 0
CCNA_01586 0 0 0 0 0 1 0 0 0 0 0 0
CCNA_00779 1 0 0 0 0 0 0 0 0 0 0 0
CCNA_00778 1 0 0 0 0 0 0 0 0 0 0 0
CCNA_01031 1 0 0 0 0 0 0 0 0 0 0 0
CCNA_01032 1 0 0 0 0 0 0 0 0 0 0 0
CCNA_00269 0 0 0 0 0 0 1 0 0 0 0 0
CCNA_00246 0 0 0 0 0 0 0 1 0 1 0 0
CCNA_01117 0 1 0 1 0 0 0 0 0 0 0 0
CCNA_01924 0 0 0 0 0 1 0 0 0 0 0 0
CCNA_00153 0 0 0 0 0 0 1 0 0 0 0 0
CCNA_00222 1 0 0 0 0 0 0 0 0 0 0 0
CCNA_00475 1 0 0 0 0 0 0 0 0 0 0 0
CCNA_01280 0 1 1 0 0 0 0 0 0 0 0 0
CCNA_02834 0 0 0 0 0 0 1 0 0 0 0 0
CCNA_02738 0 0 0 0 0 1 0 0 0 0 0 0
CCNA_01816 1 0 0 0 0 0 0 0 0 0 0 0
CCNA_01480 1 0 0 0 0 0 0 0 0 0 0 0
CCNA_03143 0 0 0 0 0 1 0 0 0 0 0 0
CCNA_02683 0 1 0 1 0 0 0 0 0 0 0 0
CCNA_03314 0 1 0 1 0 0 0 0 0 0 0 0
CCNA_00440 1 0 0 0 0 0 0 0 0 0 0 0
CCNA_03139 1 0 0 0 0 0 0 0 0 0 0 0
CCNA_00820 1 0 0 0 0 0 0 0 0 0 0 0
CCNA_03524 0 1 0 1 0 0 0 0 0 0 0 0
CCNA_02448 0 0 0 0 0 1 0 0 0 0 0 0
CCNA_01335 1 0 0 0 0 0 0 0 0 0 0 0
CCNA_03390 0 0 0 0 0 1 0 0 0 0 0 0
CCNA_03816 0 0 0 0 0 0 0 0 0 0 0 1
CCNA_01078 0 0 0 0 0 0 1 0 0 0 0 0
CCNA_02899 1 0 0 0 0 0 0 0 0 0 0 0
CCNA_00861 0 0 0 0 0 0 0 0 0 0 0 1
CCNA_01021 1 0 0 0 0 0 0 0 0 0 0 0
CCNA_01357 0 1 0 1 0 0 0 0 0 0 0 0
CCNA_01778 1 0 0 0 0 0 0 0 0 0 0 0
CCNA_02979 1 0 0 0 0 0 0 0 0 0 0 0
CCNA_00601 0 0 0 0 0 1 0 0 0 0 0 0
CCNA_01100 0 0 0 0 0 0 1 0 0 0 0 0
CCNA_01296 1 0 0 0 0 0 0 0 0 0 0 0
CCNA_00169 0 0 0 0 1 0 0 0 0 0 0 0
CCNA_01946 0 1 0 1 0 0 0 0 0 0 0 0
CCNA_02694 0 0 0 0 0 0 0 0 0 0 0 1
CCNA_03364 0 0 0 0 0 1 0 0 0 0 0 0
CCNA_01788 1 0 0 0 0 0 0 0 0 0 0 0
CCNA_00088 0 0 0 0 0 1 0 0 0 0 0 0
CCNA_03828 0 1 0 1 0 0 0 0 0 0 0 0
