locus_tag p_1 p_2 p_2V p_2S p_3 p_4 q_1 q_2 q_2V q_2S q_3 q_4
CCNA_00193 1 0 0 0 0 0 0 0 0 0 0 0
CCNA_03578 0 0 0 0 0 0 1 0 0 0 0 0
CCNA_02617 0 0 0 0 0 0 1 0 0 0 0 0
CCNA_02616 0 0 0 0 0 0 1 0 0 0 0 0
CCNA_02893 1 0 0 0 0 0 0 0 0 0 0 0
CCNA_03828 1 0 0 0 0 0 0 0 0 0 0 0
CCNA_01686 1 0 0 0 0 0 0 0 0 0 0 0
CCNA_01285 1 0 0 0 0 0 0 0 0 0 0 1
CCNA_02444 1 0 0 0 0 0 0 0 0 0 0 0
CCNA_02684 0 0 0 0 0 1 0 0 0 0 0 0
CCNA_03998 0 0 0 0 0 0 1 0 0 0 0 0
CCNA_03695 1 0 0 0 0 0 0 0 0 0 0 0
CCNA_03699 1 0 0 0 0 0 0 0 0 0 0 0
CCNA_00926 0 0 0 0 0 0 0 1 0 1 0 0
CCNA_03292 0 1 0 1 0 0 0 0 0 0 0 0
CCNA_01476 0 0 0 0 0 0 1 0 0 0 0 0
CCNA_00760 0 0 0 0 0 0 0 0 0 0 0 1
CCNA_00331 0 0 0 0 0 0 1 0 0 0 0 0
CCNA_02940 0 0 0 0 0 0 0 0 0 0 0 1
CCNA_00485 0 0 0 0 0 0 1 0 0 0 0 0
CCNA_03621 1 0 0 0 0 0 0 0 0 0 0 0
CCNA_00648 1 0 0 0 0 0 0 0 0 0 0 0
CCNA_00403 1 0 0 0 0 0 0 0 0 0 0 0
CCNA_02866 0 1 0 1 0 0 0 0 0 0 0 0
CCNA_00407 1 0 0 0 0 0 0 0 0 0 0 0
CCNA_02344 1 0 0 0 0 0 0 0 0 0 0 0
CCNA_01909 1 0 0 0 0 0 0 0 0 0 0 0
CCNA_00285 0 0 0 0 0 1 0 0 0 0 0 0
CCNA_02975 1 0 0 0 0 0 0 0 0 0 0 0
CCNA_01309 2 0 0 0 0 0 0 0 0 0 0 0
CCNA_03603 1 0 0 0 0 0 0 0 0 0 0 0
CCNA_01034 0 1 0 1 0 0 0 0 0 0 0 0
CCNA_00322 0 0 0 0 0 1 0 0 0 0 0 0
CCNA_02132 0 0 0 0 0 0 1 0 0 0 0 0
CCNA_00856 0 0 0 0 0 0 0 1 0 1 0 0
CCNA_00154 0 0 0 0 0 1 0 0 0 0 0 0
CCNA_00711 0 0 0 0 0 1 0 0 0 0 0 0
CCNA_00909 0 0 0 0 0 1 0 0 0 0 0 0
CCNA_01663 1 0 0 0 0 0 0 0 0 0 0 0
CCNA_02407 0 0 0 0 0 0 1 0 0 0 0 0
CCNA_02402 1 0 0 0 0 0 0 0 0 0 0 0
CCNA_02037 0 0 0 0 0 1 0 0 0 0 0 0
CCNA_02729 0 0 0 0 0 1 0 0 0 0 0 0
CCNA_00217 0 0 0 0 0 1 0 0 0 0 0 0
CCNA_00351 0 0 0 0 0 2 0 0 0 0 0 0
CCNA_01103 1 0 0 0 0 0 0 0 0 0 0 0
CCNA_01494 1 0 0 0 0 0 0 0 0 0 0 0
CCNA_01845 0 1 1 0 0 0 0 0 0 0 0 0
CCNA_01192 1 0 0 0 0 0 0 0 0 0 0 0
CCNA_02243 0 0 0 0 0 0 0 0 0 0 0 1
CCNA_03148 0 0 0 0 0 0 0 0 0 0 0 1
CCNA_00348 1 0 0 0 0 0 0 0 0 0 0 0
CCNA_00536 1 0 0 0 0 0 0 0 0 0 0 0
CCNA_03019 0 0 0 0 0 0 0 0 0 0 0 1
CCNA_02545 1 0 0 0 0 0 0 0 0 0 0 0
CCNA_02809 1 0 0 0 0 0 0 0 0 0 0 0
CCNA_03542 0 1 0 1 0 0 0 0 0 0 0 0
CCNA_02702 0 1 0 1 0 0 0 0 0 0 0 0
CCNA_00128 1 0 0 0 0 0 0 0 0 0 0 0
CCNA_00962 0 0 0 0 0 0 0 0 0 0 0 1
CCNA_01167 1 0 0 0 0 0 0 0 0 0 0 0
CCNA_03856 0 0 0 0 0 0 0 0 0 0 0 1
CCNA_00377 0 1 0 1 0 0 0 0 0 0 0 0
CCNA_01439 0 0 0 0 0 1 0 0 0 0 0 0
CCNA_01047 1 0 0 0 0 0 0 0 0 0 0 0
CCNA_02895 1 0 0 0 0 0 0 0 0 0 0 0
CCNA_02983 1 0 0 0 0 0 0 0 0 0 0 0
CCNA_01538 1 0 0 0 0 0 0 0 0 0 0 0
CCNA_01429 0 1 0 1 0 0 0 0 0 0 0 0
CCNA_01583 1 0 0 0 0 0 1 0 0 0 0 0
CCNA_01229 0 0 0 0 0 1 0 0 0 0 0 0
CCNA_03926 1 0 0 0 0 0 0 0 0 0 0 0
CCNA_03797 1 0 0 0 0 0 0 0 0 0 0 0
CCNA_00244 0 0 0 0 0 0 1 0 0 0 0 0
CCNA_02933 0 1 0 1 0 0 0 0 0 0 0 0
CCNA_01076 0 0 0 0 0 0 1 0 0 0 0 0
CCNA_01077 0 0 0 0 0 1 0 0 0 0 0 0
CCNA_00598 1 0 0 0 0 0 0 0 0 0 0 0
CCNA_00854 0 0 0 0 0 0 0 0 0 0 0 1
CCNA_03314 0 1 0 1 0 0 0 0 0 0 0 0
CCNA_03678 0 1 0 1 0 0 0 0 0 0 0 0
CCNA_02371 0 0 0 0 0 0 1 0 0 0 0 0
CCNA_01594 0 0 0 0 1 0 0 0 0 0 0 0
CCNA_01593 0 0 0 0 0 0 0 0 0 0 0 1
CCNA_03831 0 0 0 0 0 0 1 0 0 0 0 0
CCNA_01695 0 0 0 0 0 0 0 0 0 0 0 1
CCNA_00313 1 0 0 0 0 0 0 0 0 0 0 0
CCNA_00185 0 1 0 1 0 0 0 0 0 0 0 0
CCNA_03813 0 0 0 0 0 1 0 0 0 0 0 0
CCNA_00603 0 0 0 0 0 1 0 0 0 0 0 0
CCNA_00615 0 1 0 1 0 0 0 0 0 0 0 0
