locus_tag p_1 p_2 p_2V p_2S p_3 p_4 q_1 q_2 q_2V q_2S q_3 q_4
DR_2302 0 0 0 0 0 0 1 0 0 0 0 0
DR_2150 1 0 0 0 0 0 0 0 0 0 0 0
DR_0778 0 0 0 0 0 0 1 0 0 0 0 0
DR_0779 0 0 0 0 0 0 0 0 0 0 0 1
DR_1207 0 0 0 0 0 0 1 0 0 0 0 0
DR_2463 0 0 0 0 0 0 1 0 0 0 0 0
DR_1977 0 0 0 0 0 0 1 0 0 0 0 0
DR_2308 0 1 0 1 0 0 0 0 0 0 0 0
DR_0106 0 0 0 0 0 0 1 0 0 0 0 0
DR_B0083 0 0 0 0 0 0 0 0 0 0 0 1
DR_0773 0 0 0 0 0 0 1 0 0 0 0 0
DR_A0057 0 0 0 0 0 0 1 0 0 0 0 0
DR_A0053 0 0 0 0 0 0 1 0 0 0 0 0
DR_A0297 0 0 0 0 0 0 0 1 0 1 0 0
DR_1565 0 0 0 0 0 0 0 0 0 0 0 1
DR_1448 0 0 0 0 0 0 1 0 0 0 0 0
DR_1560 0 0 0 0 0 0 0 1 0 1 0 0
DR_2546 0 0 0 0 0 0 0 0 0 0 0 1
DR_1879 0 0 0 0 0 0 0 0 0 0 0 1
DR_1442 0 0 0 0 0 0 0 0 0 0 0 1
DR_0020 0 0 0 0 0 0 1 0 0 0 0 0
DR_1160 0 0 0 0 0 0 0 0 0 0 0 1
DR_1055 0 0 0 0 0 0 0 0 0 0 0 1
DR_1377 0 0 0 0 0 0 0 0 0 0 0 1
DR_C0037 0 0 0 0 0 0 1 0 0 0 0 0
DR_A0352 0 0 0 0 0 0 1 0 0 0 0 0
DR_2309 0 0 0 0 0 0 1 0 0 0 0 0
DR_1549 0 0 0 0 0 1 0 0 0 0 0 0
DR_0183 0 0 0 0 0 0 0 0 0 0 0 1
DR_0615 1 0 0 0 0 0 0 0 0 0 0 0
DR_0298 0 0 0 0 0 0 1 0 0 0 0 0
DR_2314 1 0 0 0 0 0 0 0 0 0 0 0
DR_0612 0 0 0 0 0 0 0 1 0 1 0 0
DR_1748 0 0 0 0 0 0 1 0 0 0 0 0
DR_1216 0 0 0 0 0 0 1 0 0 0 0 0
DR_1742 0 0 0 0 0 0 1 0 0 0 0 0
DR_0744 0 0 0 0 0 0 0 0 0 0 0 1
DR_1290 0 0 0 0 0 0 0 1 0 1 0 0
DR_2251 0 0 0 0 0 0 0 0 0 0 1 0
DR_2253 0 0 0 0 0 0 0 1 0 1 0 0
DR_2465 0 0 0 0 0 0 1 0 0 0 0 0
DR_2255 1 0 0 0 0 0 0 0 0 0 0 0
DR_0589 0 0 0 0 0 0 0 1 0 1 0 0
DR_2256 0 0 0 0 0 0 0 0 0 0 1 0
DR_1513 0 0 0 0 0 0 1 0 0 0 0 0
DR_A0024 0 0 0 0 0 0 1 0 0 0 0 0
DR_1846 0 0 0 0 0 0 1 0 0 0 0 0
DR_1540 0 0 0 0 0 0 0 0 0 0 0 1
DR_2392 0 0 0 0 0 0 0 0 0 0 0 1
DR_A0027 0 0 0 0 0 0 0 0 0 0 0 1
DR_2394 0 0 0 0 0 0 1 0 0 0 0 0
DR_2396 0 0 0 0 0 0 1 0 0 0 0 0
DR_A0342 0 0 0 0 0 0 0 0 0 0 2 1
DR_0668 0 0 0 0 0 0 1 0 0 0 0 0
DR_1193 0 0 0 0 0 0 1 0 0 0 0 0
DR_2033 0 0 0 0 0 0 1 0 0 0 0 0
DR_0046 0 0 0 0 0 0 1 0 0 0 0 0
DR_1736 0 0 0 0 0 0 1 0 0 0 0 0
DR_0286 1 0 0 0 0 0 0 0 0 0 0 0
DR_1608 1 0 0 0 0 0 0 0 0 0 0 0
DR_2405 0 0 0 0 0 0 0 1 0 1 0 0
DR_0866 0 0 0 0 0 0 1 0 0 0 0 0
DR_1912 0 0 0 0 0 0 1 0 0 0 0 0
DR_A0032 0 0 0 0 0 0 1 0 0 0 0 0
DR_1856 0 0 0 0 0 0 0 0 0 0 0 1
DR_0986 0 1 0 1 0 0 0 0 0 0 0 0
DR_1851 0 0 0 0 0 0 1 0 0 0 0 0
DR_2081 0 0 0 0 0 0 0 0 0 0 0 1
DR_0462 0 1 1 0 0 0 0 0 0 0 0 0
DR_1626 0 0 0 0 0 0 0 0 0 0 0 1
DR_1358 0 0 0 0 0 0 1 0 0 0 0 0
DR_1185 0 0 0 0 0 0 0 0 0 0 0 1
DR_1356 0 0 0 0 0 0 0 0 0 0 0 1
DR_1350 0 0 0 0 0 0 0 0 0 0 1 0
DR_0910 0 0 0 0 0 0 1 0 0 0 0 0
DR_0014 0 0 0 0 0 0 1 0 0 0 0 0
DR_1483 0 0 0 0 0 0 1 0 0 0 0 0
DR_1486 0 0 0 0 0 0 0 0 0 0 0 1
DR_1720 0 0 0 0 0 0 0 0 0 0 0 1
DR_1488 0 0 0 0 0 1 0 0 0 0 0 0
DR_0035 0 0 0 0 0 0 1 0 0 0 0 0
DR_1557 0 0 0 0 0 0 0 0 0 0 0 1
DR_1556 0 0 0 0 0 0 1 0 0 0 0 1
DR_0857 0 1 0 1 0 0 0 0 0 0 0 0
DR_2544 0 0 0 0 0 0 1 0 0 0 0 0
DR_0998 0 0 0 0 0 0 0 0 0 0 0 1
DR_A0002 0 0 0 0 0 0 1 0 0 0 0 0
DR_2630 0 0 0 0 0 0 1 0 0 0 0 1
DR_0990 0 0 0 0 0 0 0 0 0 0 0 1
DR_2532 0 0 0 0 0 0 0 0 0 0 0 1
DR_0996 0 0 0 0 0 0 1 0 0 0 0 0
DR_1824 0 0 0 0 0 0 1 0 0 0 0 0
DR_A0325 0 0 0 0 0 0 0 0 0 0 0 1
DR_1020 0 0 0 0 0 0 0 0 0 0 0 1
DR_0688 0 0 0 0 0 0 1 0 0 0 0 0
DR_0326 0 0 0 0 0 0 1 0 0 0 0 0
DR_0733 0 0 0 0 0 0 0 0 0 0 0 1
DR_0451 0 0 0 0 0 0 0 0 0 0 0 1
DR_0450 0 0 0 0 0 0 1 0 0 0 0 0
DR_0758 0 0 0 0 0 0 0 0 0 0 0 1
DR_0844 0 0 0 0 0 0 1 0 0 0 0 0
DR_0389 0 0 0 0 0 0 0 0 0 0 0 1
DR_0627 1 0 0 0 0 0 0 0 0 0 0 0
DR_2583 0 0 0 0 0 0 0 0 0 0 0 1
DR_0621 0 0 0 0 0 0 0 0 0 0 0 1
DR_1950 0 0 0 0 0 0 0 0 0 0 0 1
DR_2051 0 0 0 0 0 0 0 0 0 0 0 1
DR_2117 0 0 0 0 0 0 1 0 0 0 0 0
DR_2114 0 0 0 0 0 0 0 0 0 0 0 1
DR_2508 0 0 0 0 0 0 1 0 0 0 0 1
DR_1838 0 0 0 0 0 0 1 0 0 0 0 0
DR_1526 0 0 0 0 0 0 1 0 0 0 0 0
DR_1067 0 0 0 0 0 0 0 0 0 0 0 1
DR_1934 0 0 0 0 0 0 1 0 0 0 0 0
DR_0134 0 0 0 0 0 0 0 0 0 0 0 1
DR_0829 0 0 0 0 0 1 0 1 0 1 0 0
DR_1405 0 0 0 0 0 0 0 1 0 1 0 0
DR_0642 0 0 0 0 0 0 1 0 0 0 0 0
DR_1238 0 0 0 0 0 0 1 0 0 0 0 0
DR_C0016 0 0 0 0 0 0 0 0 0 0 0 1
DR_1090 0 0 0 0 0 0 0 1 0 1 0 0
DR_1307 0 0 0 0 0 1 0 0 0 0 0 0
DR_1094 0 0 0 0 0 0 0 0 0 0 0 1
DR_0396 0 0 0 0 0 0 1 0 0 0 0 0
DR_1668 0 0 0 0 0 0 0 0 0 0 0 1
DR_1098 0 0 0 0 0 0 1 0 0 0 0 0
DR_0158 0 1 1 0 0 0 0 0 0 0 0 0
DR_0937 0 0 0 0 0 0 1 0 0 0 0 0
DR_A0069 0 0 0 0 0 0 0 0 0 0 0 1
DR_2160 0 0 0 0 0 0 0 0 0 0 0 1
DR_0567 0 0 0 0 0 0 0 0 0 0 0 1
DR_1414 0 0 0 0 0 0 1 0 0 0 0 0
DR_1227 0 0 0 0 0 1 0 0 0 0 0 0
DR_0227 0 0 0 0 0 0 1 0 0 0 0 0
DR_0535 0 0 0 0 0 0 1 0 0 0 0 0
DR_0533 0 0 0 0 0 0 0 0 0 0 1 0
DR_2190 0 0 0 0 0 0 0 0 0 0 0 1
DR_B0041 0 0 0 0 0 0 1 0 0 0 0 0
DR_B0040 0 0 0 0 0 0 0 0 0 0 0 1
DR_0307 0 0 0 0 0 0 1 0 0 0 0 0
DR_2443 0 0 0 0 0 0 1 0 0 0 0 0
DR_2444 0 0 0 0 0 0 0 0 0 0 0 1
DR_2202 0 0 0 0 0 0 0 0 0 0 0 1
DR_1677 0 0 0 0 0 0 0 1 0 1 0 0
DR_0798 0 0 0 0 0 0 1 0 0 0 0 0
DR_2280 0 0 0 0 0 1 0 0 0 0 0 0
DR_2288 0 0 0 0 0 0 1 0 0 0 0 0
DR_A0073 1 0 0 0 0 0 0 0 0 0 0 0
DR_1915 0 0 0 0 0 0 0 1 0 1 0 0
DR_0315 0 0 0 0 0 0 0 0 0 0 0 1
DR_2166 0 0 0 0 0 0 1 0 0 0 0 0
DR_A0171 0 0 0 0 0 0 0 0 0 0 0 1
DR_1304 0 0 0 0 0 0 0 0 0 0 0 1
DR_A0270 0 0 0 0 0 0 0 0 0 0 0 1
DR_B0137 0 0 0 0 0 0 1 0 0 0 0 0
DR_A0274 0 0 0 0 0 0 0 0 0 0 0 1
DR_0013 0 0 0 0 0 0 0 0 0 0 0 1
DR_1011 0 0 0 0 0 0 0 0 0 0 0 1
DR_B0030 0 0 0 0 0 0 1 0 0 0 0 0
DR_1940 0 0 0 0 0 0 1 0 0 0 0 0
DR_2375 0 0 0 0 0 0 0 0 0 0 0 1
DR_0176 0 0 0 0 0 0 0 0 0 0 0 1
DR_0766 0 0 0 0 0 0 1 0 0 0 0 0
DR_2471 0 0 0 0 0 0 1 0 0 0 0 0
DR_0896 0 0 0 0 0 0 0 0 0 0 0 1
DR_1435 1 0 0 0 0 1 0 0 0 0 0 0
DR_0486 0 0 0 0 0 0 0 0 0 0 0 1
DR_A0160 0 0 0 0 0 0 0 0 0 0 0 1
DR_A0287 1 0 0 0 0 0 0 0 0 0 0 0
DR_A0166 0 0 0 0 0 0 2 0 0 0 0 0
DR_0363 0 0 0 0 0 0 0 0 0 0 0 1
DR_2578 0 0 0 0 0 0 0 0 0 0 0 1
DR_1868 0 0 0 0 0 0 0 0 0 0 0 1
DR_1174 0 0 0 0 0 0 0 0 0 0 0 1
DR_C0028 0 0 0 0 0 0 0 1 0 1 0 0
DR_1305 0 0 0 0 0 0 0 0 0 0 0 1
DR_C0022 0 0 0 0 0 0 1 0 0 0 0 1
DR_A0209 0 0 0 0 0 0 0 0 0 0 0 1
DR_0243 0 0 0 0 0 0 0 0 0 0 0 1
