locus_tag p_1 p_2 p_2V p_2S p_3 p_4 q_1 q_2 q_2V q_2S q_3 q_4
DR_0821 1 0 0 0 0 0 0 0 0 0 0 0
DR_1775 1 0 0 0 0 0 0 0 0 0 0 0
DR_1738 0 0 0 0 0 0 0 0 0 0 0 1
DR_0060 0 1 0 1 0 0 0 0 0 0 0 0
DR_2243 1 0 0 0 0 0 0 0 0 0 0 0
DR_0581 1 0 0 0 0 0 0 0 0 0 0 0
DR_0020 0 0 0 0 0 0 1 0 0 0 0 0
DR_1971 0 0 0 0 0 0 0 0 0 0 0 1
DR_1493 1 0 0 0 0 0 0 0 0 0 0 0
DR_0513 0 0 0 0 0 1 0 0 0 0 0 0
DR_0307 0 0 0 0 0 0 1 0 0 0 0 0
DR_2501 1 0 0 0 0 0 0 0 0 0 0 0
DR_1410 0 0 0 0 0 1 0 0 0 0 0 0
DR_0842 0 0 0 0 0 0 0 1 0 1 0 0
DR_A0293 0 0 0 0 0 0 1 0 0 0 0 0
DR_2442 0 0 0 0 0 1 0 0 0 0 0 0
DR_B0145 1 0 0 0 0 0 0 0 0 0 0 0
DR_2484 0 0 0 0 0 0 0 0 0 0 0 1
DR_2540 0 0 0 0 0 0 0 0 0 0 0 1
DR_2565 0 0 0 0 0 0 0 0 0 0 0 1
DR_1565 0 0 0 0 0 0 1 0 0 0 0 0
DR_1562 1 0 0 0 0 0 0 0 0 0 0 0
DR_2623 0 0 0 0 0 1 0 0 0 0 0 0
DR_0552 1 0 0 0 0 0 0 0 0 0 0 0
DR_2315 0 0 0 0 0 0 1 0 0 0 0 0
DR_A0232 0 0 0 0 0 1 0 0 0 0 0 0
DR_0723 0 0 0 0 0 1 0 0 0 0 0 0
DR_1610 0 0 0 0 0 0 0 0 0 0 0 1
DR_2462 1 0 0 0 0 0 0 0 0 0 0 0
DR_A0092 1 0 0 0 0 0 0 0 0 0 0 0
DR_2620 0 0 0 0 0 1 0 0 0 0 0 0
DR_A0332 0 0 0 0 0 0 0 0 0 0 0 1
DR_1075 0 0 0 0 0 1 0 0 0 0 0 0
DR_0275 0 0 0 0 0 0 1 0 0 0 0 0
DR_B0079 0 0 0 0 0 0 1 0 0 0 0 0
DR_0691 1 0 0 0 0 0 0 0 0 0 0 0
DR_0559 0 0 0 0 0 1 0 0 0 0 0 0
DR_1149 0 0 0 0 0 0 0 1 0 1 0 0
DR_1943 1 0 0 0 0 0 0 0 0 0 0 0
DR_C0012 1 0 0 0 0 0 0 0 0 0 0 0
DR_0769 1 0 0 0 0 0 0 0 0 0 0 0
DR_A0151 1 0 0 0 0 0 0 0 0 0 0 0
DR_0396 0 0 0 0 0 1 0 0 0 0 0 0
DR_1215 0 0 0 0 0 0 1 0 0 0 0 0
DR_B0090 0 0 0 0 0 0 1 0 0 0 0 0
DR_0936 0 1 0 1 0 0 0 0 0 0 0 0
DR_B0097 1 0 0 0 0 0 0 0 0 0 0 0
DR_0501 0 0 0 0 0 0 1 0 0 0 0 0
DR_0744 0 1 0 1 0 0 0 0 0 0 0 0
DR_A0125 1 0 0 0 0 0 0 0 0 0 0 0
DR_1842 1 0 0 0 0 0 0 0 0 0 0 0
DR_0265 0 0 0 0 0 0 1 0 0 0 0 0
DR_1928 1 0 0 0 0 0 0 0 0 0 0 0
DR_1292 0 0 0 0 0 0 1 0 0 0 0 0
DR_A0122 1 0 0 0 0 0 0 0 0 0 0 0
DR_2108 1 0 0 0 0 0 0 0 0 0 0 0
DR_0687 0 0 0 0 0 0 1 0 0 0 0 0
DR_1316 1 0 0 0 0 0 0 0 0 0 0 0
DR_1900 0 0 0 0 0 0 0 0 0 0 0 1
DR_2412 0 0 0 0 0 0 1 0 0 0 0 0
DR_0183 0 0 0 0 0 0 1 0 0 0 0 0
DR_0267 0 0 0 0 0 0 1 0 0 0 0 0
DR_2612 1 0 0 0 0 0 0 0 0 0 0 0
DR_2615 1 0 0 0 0 0 0 0 0 0 0 0
DR_1980 0 0 0 0 0 1 0 0 0 0 0 0
DR_1982 0 0 0 0 0 0 1 0 0 0 0 0
DR_0573 0 0 0 0 0 1 0 0 0 0 0 0
DR_0420 0 0 0 0 0 1 0 0 0 0 0 0
DR_A0028 0 0 0 0 0 0 0 1 0 1 0 0
DR_0227 1 0 0 0 0 0 0 0 0 0 0 0
DR_0187 1 0 0 0 0 0 0 0 0 0 0 0
DR_2472 1 0 0 0 0 0 0 0 0 0 0 0
DR_0477 1 0 0 0 0 0 0 0 0 0 0 0
DR_1365 1 0 0 0 0 0 0 0 0 0 0 0
DR_B0124 1 0 0 0 0 0 0 0 0 0 0 0
DR_1479 1 0 0 0 0 0 0 0 0 0 0 0
DR_1283 1 0 0 0 0 0 0 0 0 0 0 0
DR_B0128 0 0 0 0 0 1 0 0 0 0 0 0
DR_A0265 0 0 0 0 0 1 0 0 0 0 0 0
DR_1553 1 0 0 0 0 0 0 0 0 0 0 0
DR_A0246 1 0 0 0 0 0 0 0 0 0 0 0
DR_0243 0 0 0 0 0 0 0 0 0 0 0 1
