locus_tag p_1 p_2 p_2V p_2S p_3 p_4 q_1 q_2 q_2V q_2S q_3 q_4
DR_2226 1 0 0 0 0 0 0 0 0 0 0 0
DR_0770 0 0 0 0 0 1 0 0 0 0 0 0
DR_0148 0 0 0 0 0 0 1 0 0 0 0 0
DR_0880 1 0 0 0 0 0 0 0 0 0 0 0
DR_2503 1 0 0 0 0 0 0 0 0 0 0 0
DR_2267 0 0 0 0 0 1 0 0 0 0 0 0
DR_0965 0 0 0 0 0 1 0 0 0 0 0 0
DR_0863 1 0 0 0 0 0 0 0 0 0 0 0
DR_1566 1 0 0 0 0 0 0 0 0 0 0 0
DR_1460 1 1 0 1 0 0 0 0 0 0 0 0
DR_1913 1 0 0 0 0 0 0 0 0 0 0 0
DR_A0236 2 0 0 0 0 0 3 0 0 0 0 1
DR_1837 0 0 0 0 0 0 1 0 0 0 0 1
DR_A0334 0 1 0 1 0 0 0 0 0 0 0 0
DR_1237 0 1 0 1 0 0 0 0 0 0 0 0
DR_A0274 0 0 0 0 0 1 0 0 0 0 0 0
DR_0400 1 0 0 0 0 0 0 0 0 0 0 0
DR_0740 1 0 0 0 0 0 0 0 0 0 0 0
DR_1356 0 1 0 1 0 0 0 0 0 0 0 0
DR_2374 1 0 0 0 0 0 0 0 0 0 0 0
DR_0504 0 1 1 0 0 0 0 0 0 0 0 0
DR_1140 0 0 0 0 0 1 0 0 0 0 0 0
DR_1747 0 0 0 0 0 1 0 0 0 0 0 0
DR_2238 0 0 0 0 0 0 1 0 0 0 0 0
DR_2510 0 0 0 0 0 0 1 0 0 0 0 0
DR_1395 0 0 0 0 0 1 0 0 0 0 0 0
DR_2410 0 0 0 0 0 0 0 1 0 1 0 0
DR_1980 0 0 0 0 0 1 0 0 0 0 0 0
DR_2280 3 2 1 1 0 3 2 0 0 0 0 0
DR_A0200 1 0 0 0 0 0 0 0 0 0 0 0
DR_B0109 1 0 0 0 0 0 0 0 0 0 0 0
DR_1573 1 0 0 0 0 0 0 0 0 0 0 0
DR_1433 1 0 0 0 0 0 0 0 0 0 0 0
