locus_tag p_1 p_2 p_2V p_2S p_3 p_4 q_1 q_2 q_2V q_2S q_3 q_4
DR_0808 0 0 0 0 0 0 1 0 0 0 0 0
DR_2243 1 0 0 0 0 0 0 0 0 0 0 0
DR_0101 1 0 0 0 0 0 0 0 0 0 0 0
DR_2308 1 0 0 0 0 0 0 0 0 0 0 0
DR_0066 0 1 0 1 0 0 0 0 0 0 0 0
DR_0848 0 0 0 0 0 0 0 0 0 0 0 1
DR_0647 1 0 0 0 0 0 0 0 0 0 0 0
DR_A0184 0 0 0 0 0 0 1 0 0 0 0 0
DR_0940 0 0 0 0 0 0 1 0 0 0 0 0
DR_0372 0 0 0 0 0 0 1 0 0 0 0 0
DR_0216 0 0 0 0 0 0 0 1 0 1 0 0
DR_0094 1 0 0 0 0 0 0 0 0 0 0 0
DR_B0134 0 0 0 0 0 0 0 0 0 0 0 1
DR_0405 0 0 0 0 0 0 0 0 0 0 0 1
DR_0564 0 0 0 0 0 0 0 0 0 0 0 1
DR_1708 0 0 0 0 0 0 1 0 0 0 0 0
DR_2200 1 0 0 0 0 0 0 0 0 0 0 0
DR_1968 0 0 0 0 0 1 0 0 0 0 0 0
DR_2476 0 0 0 0 0 0 1 0 0 0 0 0
DR_0037 0 0 0 0 0 0 0 0 0 0 0 1
DR_0788 1 0 0 0 0 0 0 0 0 0 0 0
DR_A0022 0 0 0 0 0 0 0 0 0 0 0 1
DR_1516 0 0 0 0 0 0 0 0 0 0 0 1
DR_0083 0 1 0 1 0 0 0 0 0 0 0 0
DR_0678 0 0 0 0 0 0 0 0 0 0 0 1
DR_B0123 0 0 0 0 0 0 0 0 0 0 0 1
DR_A0342 1 0 0 0 0 0 0 0 0 0 0 0
DR_B0029 0 0 0 0 0 0 1 0 0 0 0 0
DR_A0087 0 0 0 0 0 1 0 0 0 0 0 0
DR_1267 0 0 0 0 0 0 1 0 0 0 0 0
