locus_tag p_1 p_2 p_2V p_2S p_3 p_4 q_1 q_2 q_2V q_2S q_3 q_4
DR_0381 0 1 0 1 0 0 0 0 0 0 0 0
DR_0108 1 0 0 0 0 0 0 0 0 0 0 0
DR_2178 1 0 0 0 0 0 0 0 0 0 0 0
DR_0968 1 0 0 0 0 0 0 0 0 0 0 0
DR_0354 1 0 0 0 0 0 0 0 0 0 0 0
DR_0866 0 0 0 0 0 0 1 0 0 0 0 0
DR_1935 1 0 0 0 0 0 0 0 0 0 0 0
DR_1997 0 0 0 0 0 0 0 0 0 0 0 1
DR_0070 0 1 0 1 0 0 0 0 0 0 0 0
DR_A0233 0 0 0 0 0 0 0 0 0 0 0 1
DR_A0090 0 0 0 0 0 1 0 0 0 0 0 0
DR_0276 1 0 0 0 0 0 0 0 0 0 0 0
DR_0039 0 0 0 0 0 0 0 0 0 0 0 1
DR_2142 0 0 0 0 0 1 0 0 0 0 0 0
DR_1948 0 0 0 0 0 1 0 0 0 0 0 0
DR_0174 1 0 0 0 0 0 0 0 0 0 0 0
DR_2186 0 0 0 0 0 0 1 0 0 0 0 0
DR_2513 1 0 0 0 0 0 0 0 0 0 0 0
DR_2048 0 0 0 0 0 1 0 0 0 0 0 0
DR_1903 1 0 0 0 0 0 1 1 1 0 0 0
DR_1984 0 0 0 0 0 0 0 0 0 0 0 1
DR_1986 1 0 0 0 0 0 0 0 0 0 0 0
DR_0534 0 1 0 1 0 0 0 0 0 0 0 0
