locus_tag p_1 p_2 p_2V p_2S p_3 p_4 q_1 q_2 q_2V q_2S q_3 q_4
DR_0833 0 0 0 0 0 1 0 0 0 0 0 0
DR_B0063 0 1 0 1 0 0 0 0 0 0 0 0
DR_1599 0 0 0 0 0 0 0 0 0 0 0 1
DR_0349 0 0 0 0 0 0 0 0 0 0 0 1
DR_0215 0 0 0 0 0 1 0 0 0 0 0 0
DR_1667 0 0 0 0 0 0 1 0 0 0 0 0
DR_1041 1 0 0 0 0 0 0 0 0 0 0 0
DR_1913 0 1 0 1 0 0 0 0 0 0 0 0
DR_1973 1 0 0 0 0 0 0 0 0 0 0 0
DR_0225 0 0 0 0 0 0 1 0 0 0 0 0
DR_1401 0 0 0 0 0 1 0 0 0 0 0 0
DR_0464 0 1 0 1 0 0 0 0 0 0 0 0
DR_1358 1 0 0 0 0 0 0 0 0 0 0 0
DR_1273 1 0 0 0 0 0 0 0 0 0 0 0
DR_B0041 0 0 0 0 0 1 0 0 0 0 0 0
DR_1395 2 0 0 0 0 0 0 0 0 0 0 0
DR_C0036 0 0 0 0 0 1 0 0 0 0 0 0
DR_1226 1 0 0 0 0 0 0 0 0 0 0 0
DR_2157 0 0 0 0 0 0 1 0 0 0 0 0
