locus_tag p_1 p_2 p_2V p_2S p_3 p_4 q_1 q_2 q_2V q_2S q_3 q_4
DR_0821 1 0 0 0 0 0 0 0 0 0 0 0
DR_1753 0 0 0 0 0 0 0 0 0 0 0 1
DR_B0144 0 0 0 0 0 0 1 0 0 0 0 0
DR_2154 0 0 0 0 0 0 2 0 0 0 0 0
DR_1326 1 0 0 0 0 0 0 0 0 0 0 0
DR_1062 1 0 0 0 0 0 0 0 0 0 0 0
DR_0512 0 0 0 0 0 0 1 0 0 0 0 0
DR_2071 0 1 0 1 0 0 0 0 0 0 0 0
DR_0880 0 0 0 0 0 0 0 0 0 0 0 1
DR_B0099 0 0 0 0 0 1 0 0 0 0 0 0
DR_1125 0 0 0 0 0 1 0 0 0 0 0 0
DR_0949 1 0 0 0 0 0 0 0 0 0 0 0
DR_1384 1 0 0 0 0 0 0 0 0 0 0 0
DR_2341 1 0 0 0 0 0 0 0 0 0 0 0
DR_A0152 0 0 0 0 0 1 0 0 0 0 0 0
DR_2545 0 0 0 0 0 1 0 0 0 0 0 0
DR_0178 0 1 0 1 0 0 0 0 0 0 0 0
DR_1857 0 0 0 0 0 1 0 0 0 0 0 0
DR_2602 0 1 0 1 0 0 0 0 0 0 0 0
DR_1241 0 0 0 0 0 0 1 0 0 0 0 1
DR_A0178 1 0 0 0 0 0 0 0 0 0 0 0
DR_1166 0 0 0 0 0 0 0 0 0 0 0 1
DR_0400 0 0 0 0 0 0 1 0 0 0 0 0
DR_1622 0 0 0 0 0 1 0 0 0 0 0 0
DR_0729 1 0 0 0 0 0 0 0 0 0 0 0
DR_B0114 0 1 0 1 0 1 0 0 0 0 0 0
DR_0700 1 0 0 0 0 0 0 0 0 0 0 0
DR_2023 1 0 0 0 0 0 0 0 0 0 0 0
DR_1943 0 1 0 1 0 0 0 0 0 0 0 0
DR_0150 0 0 0 0 0 1 0 0 0 0 0 0
DR_2027 1 0 0 0 0 0 0 0 0 0 0 0
DR_2235 1 0 0 0 0 0 0 0 0 0 0 0
DR_1256 1 0 0 0 0 0 0 0 0 0 0 0
DR_1142 1 0 0 0 0 0 0 0 0 0 0 0
DR_B0015 1 0 0 0 0 0 0 0 0 0 0 0
DR_C0019 2 0 0 0 0 0 1 0 0 0 0 0
DR_1596 1 0 0 0 0 0 0 0 0 0 0 0
DR_0738 1 0 0 0 0 0 0 0 0 0 0 0
DR_A0161 0 0 0 0 0 1 0 0 0 0 0 0
DR_0956 0 1 1 0 0 0 0 0 0 0 0 0
DR_2353 1 0 0 0 0 0 0 0 0 0 0 0
DR_0183 0 0 0 0 1 0 0 0 0 0 0 0
DR_2493 0 0 0 0 0 0 1 0 0 0 0 0
DR_0129 1 0 0 0 0 0 0 0 0 0 0 0
DR_2280 0 0 0 0 0 0 1 0 0 0 0 0
DR_0764 0 0 0 0 0 1 0 0 0 0 0 0
DR_0692 0 0 0 0 0 0 1 0 0 0 0 0
DR_A0206 1 0 0 0 0 0 0 0 0 0 0 0
DR_C0029 0 0 0 0 0 0 0 1 0 1 0 0
DR_0554 0 1 0 1 0 0 0 0 0 0 0 0
DR_1301 0 0 0 0 0 1 0 0 0 0 0 0
DR_0684 1 0 0 0 0 0 0 0 0 0 0 0
DR_1196 0 0 0 0 0 1 0 0 0 0 0 0
DR_B0009 0 0 0 0 0 1 0 0 0 0 0 0
DR_B0020 1 1 0 1 0 0 0 0 0 0 0 0
