locus_tag p_1 p_2 p_2V p_2S p_3 p_4 q_1 q_2 q_2V q_2S q_3 q_4
DR_0065 0 0 0 0 0 0 2 0 0 0 0 0
DR_B0067 0 0 0 0 0 0 1 0 0 0 0 0
DR_1891 0 1 1 0 0 0 0 0 0 0 0 0
DR_1811 1 0 0 0 0 0 0 0 0 0 0 0
DR_1916 0 0 0 0 0 0 0 0 0 0 0 1
DR_1934 0 0 0 0 0 0 1 0 0 0 0 0
DR_1682 0 0 0 0 0 0 1 0 0 0 0 0
DR_1856 0 0 0 0 0 0 1 0 0 0 0 0
DR_1469 1 0 0 0 0 0 0 0 0 0 0 0
DR_0091 0 0 0 0 0 0 1 0 0 0 0 0
DR_0339 1 0 0 0 0 0 0 0 0 0 0 0
DR_0466 0 1 1 0 0 0 0 0 0 0 0 0
DR_0271 0 0 0 0 0 0 1 0 0 0 0 0
DR_A0357 0 0 0 0 0 0 1 0 0 0 0 0
DR_1010 1 0 0 0 0 0 0 0 0 0 0 0
DR_1424 1 0 0 0 0 0 0 0 0 0 0 0
DR_A0094 1 0 0 0 0 0 0 0 0 0 0 0
DR_0635 0 0 0 0 0 0 0 0 0 0 0 1
DR_1462 0 0 0 0 0 0 1 0 0 0 0 0
DR_1126 0 0 0 0 0 1 0 0 0 0 0 0
DR_0933 0 0 0 0 0 1 0 1 0 1 0 0
DR_1076 1 0 0 0 0 0 0 0 0 0 0 0
DR_0297 1 0 0 0 0 0 0 0 0 0 0 0
DR_0036 1 0 0 0 0 0 0 0 0 0 0 0
DR_0654 0 0 0 0 0 0 1 0 0 0 0 0
DR_1800 0 1 0 1 0 0 0 0 0 0 0 0
DR_0874 1 0 0 0 0 0 0 0 0 0 0 0
DR_A0166 0 0 0 0 0 0 1 0 0 0 0 0
DR_A0243 1 0 0 0 0 0 0 0 0 0 0 0
DR_0534 1 0 0 0 0 0 0 0 0 0 0 0
DR_A0131 1 0 0 0 0 0 0 0 0 0 0 0
DR_0307 1 0 0 0 0 0 0 0 0 0 0 0
DR_0530 1 0 0 0 0 0 0 0 0 0 0 0
DR_1343 1 0 0 0 0 0 0 0 0 0 0 0
DR_B0129 1 0 0 0 0 0 0 0 0 0 0 0
DR_A0246 0 0 0 0 0 0 1 0 0 0 0 0
