	-/-	-/G_00637	-/G_02246	-/G_02361	-/G_02989	-/G_03466	-/G_03517	-/G_03746	-/G_04243	-/G_04542	-/cusA	-/fecI_15	-/ghrB_2	-/nicT_3	-/phnP	-/yafP	G_00224	G_00359	G_00504/yeaD_1	G_01240	G_01327/gcvA_6	G_01357/relB	G_02024	G_02667/lnt	G_02983/-	G_02991/G_02992	G_03032/argT_3	G_03039/oxyR_4	G_03388/fklB_1	G_03426/arfA	G_03465/-	G_03466	G_03591/G_03592	G_03608/nudK	G_03630/G_03631	G_03648/G_03649	G_03745/-	G_03781/G_03782	G_03893	G_03997/-	G_04073/G_04074	G_04169/soxC_4	G_04240	G_04415	G_04450	G_04726	G_04764	G_04801	G_04819	G_04917/G_04918	G_04964/-	G_05095/soxC_7	G_05139/fhuC_2	G_05170/truA	G_05625/dmlR_36	G_05762/G_05763	G_05821/G_05822	acnA_1/G_01290	acs/argT_4	algE1	arcD_1	arcD_2	aroP_2	aspA	atsA/G_05695	azoR_2/azr_1	barA_4	bepE_2	cobK/G_03684	copR	dauA_2/aroE_1	dctA_3/lutR_5	dgoT/dgoD	epsE_5/xcpQ	fhaB_1	fhuA_3/G_00944	flgK	frc_2/-	fumA/dctB_3	gcd	gdh/fabG_3	gmr_1	gmr_6	gntR/G_05299	grsB	hemE/gltD_1	kinE_2	lgrD_2/G_04764	lrp_7/G_05840	mcpS_3	metC/ycaO	mip/-	mmgC_8	mscM_2/G_04444	norR2/G_03355	nrdB_1	ntrC	ompB/G_03896	oppF/ppiC_1	oxlT	pagL/G_01768	pctC_5/ydjA	phnE/phnD	potF_6	pucI_2	puuC_1/G_00583	ramA_2/puuP_1	recQ_3	rfbX	rhsC_2	ruvA	soj_2	sseA/G_00787	sspH2/-	sstT	tetD/fcuA_3	topA	treY	uvrY	xcpW/G_04848	xdhA_1/entS	yhdY	yjfC/G_02619	ypeA_2/G_05833	yvaA/iolG_1	yycF_2/G_04786
frequency_L1P2	0	0	0	0	0	0	0	0	0	0	0	0	0	0	0	0	0	0	0	1	0	0	0	0	0	0	0	0	0	0	0	0	0	0	0	0	0	0	2	0	0	0	0	2	0	0	0	0	0	0	0	0	0	0	0	0	0	0	0	1	0	1	0	0	1	0	1	0	0	0	0	0	0	0	0	0	0	0	0	0	0	0	0	0	0	0	0	0	2	0	0	0	0	0	0	0	0	0	0	0	0	3	0	0	0	0	1	0	0	0	0	0	0	0	0	0	0	0	0	0	0	0	0	0	0	0
frequency_L1P3	0	0	0	0	0	0	0	0	0	0	0	0	0	0	0	0	0	0	0	0	0	0	0	0	0	0	0	0	0	0	0	0	0	3	0	0	0	0	0	0	0	0	0	0	0	0	2	0	0	0	0	0	0	0	0	0	0	0	0	0	0	0	0	0	0	0	0	0	0	0	0	0	0	0	0	0	0	0	0	0	0	0	0	0	0	0	0	0	1	0	0	0	0	0	0	0	0	0	0	1	0	0	0	0	0	0	0	0	0	0	0	0	0	0	0	0	0	0	0	0	0	1	0	0	0	0
frequency_L1P1	3	0	0	0	0	0	0	2	0	0	0	0	0	0	0	0	0	0	0	0	0	5	0	0	0	0	0	0	0	0	0	0	0	0	0	0	0	0	0	0	0	0	0	0	0	0	0	0	0	3	0	0	0	0	0	0	0	0	0	0	0	1	0	0	0	0	0	0	0	0	0	0	0	0	0	0	0	0	0	0	0	0	0	0	0	0	0	0	0	0	0	0	0	0	0	0	0	0	0	0	0	0	0	0	1	0	0	0	1	0	0	0	0	0	0	0	0	0	0	0	0	0	0	0	0	0
frequency_L1P4	0	0	0	0	0	0	0	0	0	0	0	0	1	0	0	0	0	0	0	0	0	0	0	0	0	0	0	0	0	0	0	0	2	0	0	0	0	0	0	0	0	0	0	0	0	0	0	0	0	0	0	2	0	0	0	0	0	0	0	1	0	0	0	0	0	0	0	0	0	0	0	0	0	0	0	0	0	0	0	0	0	1	0	0	0	0	0	0	0	0	0	0	0	0	0	0	0	0	0	0	0	0	0	0	0	0	0	0	0	0	0	0	0	0	0	0	0	0	0	0	0	0	0	0	0	0
frequency_L1P5	0	0	0	0	0	0	0	0	0	0	0	0	0	0	0	0	0	0	0	0	0	0	0	0	0	0	0	2	0	0	0	0	0	1	0	1	0	0	0	0	0	0	0	0	0	0	0	0	0	0	0	0	0	0	0	0	0	0	0	0	0	0	0	0	0	0	0	0	0	1	0	0	0	0	0	0	0	3	0	0	0	0	0	0	0	0	0	0	0	0	0	0	0	0	0	0	0	0	0	0	0	0	0	0	0	0	0	0	0	0	0	0	0	0	0	0	0	0	0	0	0	0	0	0	0	0
frequency_L2P1	2	0	0	0	0	0	0	0	0	0	0	0	0	0	0	0	0	0	0	0	0	0	0	0	0	0	0	0	0	0	0	0	0	0	0	0	0	0	6	0	0	0	0	0	0	0	0	0	0	0	0	0	0	0	0	0	0	0	0	1	0	0	0	0	0	0	0	0	0	0	0	0	0	0	0	0	0	0	0	0	0	0	0	0	0	0	0	0	0	0	0	0	0	0	0	0	0	0	0	0	0	0	0	0	0	0	0	0	0	0	0	0	0	0	0	0	0	0	0	0	0	0	0	0	0	0
frequency_L2P3	0	0	0	0	0	0	0	0	2	0	0	0	0	0	0	0	0	0	0	0	0	0	0	0	0	0	0	0	0	0	0	0	0	3	0	0	0	0	0	0	0	0	0	0	0	0	0	0	0	0	0	0	0	0	0	0	0	0	0	7	0	0	0	0	0	0	0	0	0	0	0	0	0	0	0	0	1	0	0	0	0	0	0	0	0	0	0	0	0	0	0	0	0	0	0	0	0	0	0	0	0	0	0	0	0	0	0	0	0	0	0	0	0	0	0	0	0	0	0	0	0	0	0	0	0	0
frequency_L2P2	5	0	0	0	0	0	0	0	0	0	0	1	0	0	0	0	0	0	0	0	0	0	0	0	0	0	0	0	0	0	0	0	0	0	0	0	0	0	0	0	0	0	0	0	0	1	0	0	0	0	0	0	0	0	0	0	0	0	0	1	1	0	0	0	0	0	0	0	0	1	0	0	0	0	0	0	0	0	0	0	0	0	0	0	0	0	0	0	0	0	0	0	0	0	0	0	0	0	0	0	0	0	0	0	0	0	0	0	0	0	0	0	0	0	0	0	1	0	0	0	0	0	0	0	0	0
frequency_L2P5	2	0	0	0	0	0	0	0	1	0	0	0	0	0	0	0	0	0	0	0	0	0	0	0	0	0	0	0	0	0	0	0	0	0	0	0	0	0	0	0	0	0	0	0	0	0	0	0	0	0	0	0	0	0	0	0	0	0	0	0	0	0	0	0	0	0	0	0	0	0	0	0	0	0	0	0	0	0	0	0	0	0	0	0	0	0	0	0	0	0	0	0	0	0	0	0	0	0	0	0	0	0	0	0	0	0	0	0	0	0	0	0	0	0	0	0	0	0	0	0	0	0	0	0	0	0
frequency_L2P4	2	1	0	0	0	0	2	0	0	0	0	0	0	0	0	0	0	0	0	0	0	0	0	0	0	1	0	0	0	0	6	0	0	0	0	0	0	0	0	0	0	0	0	0	0	0	0	0	0	0	0	0	0	0	0	0	0	0	0	2	0	0	0	1	0	1	0	0	0	0	0	4	0	0	3	0	0	1	0	0	0	0	0	0	0	0	0	0	0	0	0	0	0	0	0	0	0	0	0	0	0	0	0	1	0	0	0	0	0	0	1	0	0	0	1	0	0	0	0	0	0	1	0	0	0	0
frequency_L0P3	10	0	0	2	0	0	0	0	4	1	5	3	3	0	1	0	0	0	1	0	2	0	0	3	4	0	2	0	0	13	0	3	0	10	4	4	0	0	0	0	0	4	0	0	0	0	0	0	0	0	0	0	0	5	2	0	2	5	2	1	4	7	0	0	0	2	0	1	0	0	4	0	0	5	0	1	0	0	2	0	3	0	0	0	0	0	0	0	1	0	2	2	2	0	3	0	1	2	2	0	0	1	0	0	0	3	1	0	1	2	0	0	4	0	0	1	0	0	1	0	3	0	3	2	3	0
frequency_L0P2	12	2	7	0	4	0	0	0	3	3	0	0	1	2	1	3	0	0	0	0	0	0	0	0	0	0	0	0	0	1	0	1	1	1	0	2	0	0	0	0	0	0	0	0	0	0	0	3	0	0	0	0	0	0	0	0	0	0	0	1	2	1	0	0	0	0	0	0	3	0	0	0	0	0	0	0	1	0	0	0	0	0	0	0	0	0	0	0	2	1	0	0	0	0	0	0	2	0	0	0	0	0	0	0	0	0	0	0	0	0	1	0	0	3	0	0	0	0	2	0	0	0	0	0	0	0
frequency_L0P1	16	0	0	4	0	1	0	0	6	0	1	2	0	0	0	0	0	0	0	0	0	0	0	0	0	1	0	0	0	0	0	0	0	0	0	0	0	0	0	0	3	3	5	0	0	1	0	0	1	0	0	0	0	0	0	0	0	0	0	1	0	4	2	0	1	0	1	1	0	0	0	3	0	0	0	1	0	0	0	1	0	0	0	4	1	0	0	3	0	0	0	0	0	3	0	0	1	0	0	1	0	0	0	1	0	0	0	0	0	0	0	0	0	0	1	1	0	1	0	0	1	0	0	0	0	0
frequency_L0P5	13	0	0	0	0	2	0	0	0	2	0	0	0	0	0	0	0	0	1	0	0	0	2	0	0	0	0	0	0	2	0	10	0	7	0	0	0	0	0	0	0	0	0	0	3	0	0	0	0	0	2	0	2	0	0	0	5	0	0	0	0	0	0	0	0	2	0	0	0	0	0	0	2	0	0	0	0	2	0	1	0	1	0	0	0	7	0	0	2	1	0	1	0	0	0	2	2	0	3	0	4	5	0	0	0	0	0	1	0	0	0	1	0	0	0	1	0	1	1	4	0	0	0	0	0	2
frequency_L0P4	10	0	0	0	0	0	0	0	1	2	0	1	2	0	0	0	2	2	0	1	0	0	0	0	6	0	0	0	2	0	0	0	0	0	7	0	2	4	0	8	0	0	0	0	0	0	0	0	2	0	0	0	0	0	0	7	2	0	0	10	2	3	0	1	0	3	1	0	0	0	0	0	0	0	1	0	1	0	0	0	0	0	2	0	2	0	2	0	0	0	1	0	0	0	0	0	1	0	0	0	0	0	3	0	1	0	0	1	0	0	0	1	0	1	0	0	1	0	0	0	0	0	0	0	0	0
