locus_tag p_1 p_2 p_2V p_2S p_3 p_4 q_1 q_2 q_2V q_2S q_3 q_4
G_01420 1 0 0 0 0 0 0 0 0 0 0 0
G_00038 0 0 0 0 0 0 0 0 0 0 0 1
G_02510 1 0 0 0 0 0 0 0 0 0 0 0
G_00628 1 0 0 0 0 0 0 0 0 0 0 0
G_02456 0 0 0 0 0 0 1 0 0 0 0 0
G_05907 0 0 0 0 0 0 0 0 0 0 0 1
G_02458 0 0 0 0 0 1 0 0 0 0 0 0
G_04500 1 0 0 0 0 0 0 0 0 0 0 0
G_00823 1 0 0 0 0 0 0 0 0 0 0 0
G_03439 1 0 0 0 0 0 0 0 0 0 0 0
G_04053 0 0 0 0 0 0 0 0 0 0 0 1
G_03946 1 0 0 0 0 0 0 0 0 0 0 0
G_05697 1 0 0 0 0 0 0 0 0 0 0 0
G_05635 0 0 0 0 0 0 0 1 0 1 0 0
G_02745 0 0 0 0 0 1 0 0 0 0 0 0
G_04726 0 0 0 0 0 0 0 0 0 0 0 1
G_02119 0 0 0 0 0 1 0 0 0 0 0 0
G_00329 1 0 0 0 0 0 0 0 0 0 0 0
G_01493 0 0 0 0 0 0 0 0 0 0 0 1
G_00086 0 0 0 0 0 1 0 0 0 0 0 0
G_01763 0 0 0 0 0 0 0 0 0 0 0 1
G_00939 1 0 0 0 0 0 0 0 0 0 0 0
G_01552 0 0 0 0 0 0 1 0 0 0 0 0
G_03583 0 0 0 0 0 1 0 0 0 0 0 0
G_05686 0 0 0 0 0 0 0 0 0 0 0 1
G_04654 0 0 0 0 0 0 1 0 0 0 0 0
G_05029 1 0 0 0 0 0 0 0 0 0 0 0
G_05439 0 0 0 0 0 0 1 0 0 0 0 0
G_04149 1 0 0 0 0 0 0 0 0 0 0 0
G_05920 1 0 0 0 0 0 0 0 0 0 0 0
G_00419 0 0 0 0 0 0 0 1 0 1 0 0
G_00094 1 0 0 0 0 0 0 0 0 0 0 0
G_01567 1 0 0 0 0 0 0 0 0 0 0 0
G_04097 0 0 0 0 0 0 0 0 0 0 0 1
G_04528 1 0 0 0 0 0 0 0 0 0 0 0
G_03297 1 0 0 0 0 0 0 0 0 0 0 0
G_04836 0 0 0 0 0 1 0 0 0 0 0 0
G_05130 0 0 0 0 0 0 1 0 0 0 0 0
G_04037 1 0 0 0 0 0 0 0 0 0 0 0
G_04400 1 0 0 0 0 0 0 0 0 0 0 0
G_05832 1 0 0 0 0 0 0 0 0 0 0 0
G_02078 1 0 0 0 0 0 0 0 0 0 0 0
G_03205 0 0 0 0 0 0 1 0 0 0 0 0
G_04664 1 0 0 0 0 0 0 0 0 0 0 0
G_04317 0 0 0 0 0 0 0 1 0 1 0 0
G_03169 0 0 0 0 0 0 0 0 0 0 0 1
G_05223 0 0 0 0 0 0 0 1 0 1 0 0
G_04242 0 0 0 0 0 1 0 0 0 0 0 0
G_03689 0 1 0 1 0 0 0 0 0 0 0 0
G_02921 1 0 0 0 0 0 0 0 0 0 0 0
G_04953 0 0 0 0 0 0 1 0 0 0 0 0
G_03350 1 0 0 0 0 0 0 0 0 0 0 0
G_03277 0 0 0 0 0 1 0 0 0 0 0 0
G_02418 1 0 0 0 0 0 0 0 0 0 0 0
G_02248 1 0 0 0 0 0 0 0 0 0 0 0
G_01466 1 0 0 0 0 0 0 0 0 0 0 0
G_04819 1 0 0 0 0 0 0 0 0 0 0 0
G_03706 1 0 0 0 0 0 0 0 0 0 0 0
G_04462 0 0 0 0 0 1 0 0 0 0 0 0
G_05628 0 0 0 0 0 0 1 0 0 0 0 0
G_04783 0 0 0 0 0 0 0 0 0 0 0 1
G_01581 1 0 0 0 0 0 0 0 0 0 0 0
G_05704 1 0 0 0 0 0 0 0 0 0 0 0
G_04941 1 0 0 0 0 0 0 0 0 0 0 0
G_01513 0 0 0 0 0 0 0 1 0 1 0 0
G_04079 1 0 0 0 0 0 0 0 0 0 0 0
G_02626 1 0 0 0 0 0 0 0 0 0 0 0
G_05811 0 0 0 0 0 0 0 0 0 0 0 1
G_03949 0 0 0 0 0 0 1 0 0 0 0 0
G_03998 0 0 0 0 0 0 0 0 0 0 0 1
G_03143 1 0 0 0 0 0 0 0 0 0 0 0
G_05360 0 1 0 1 0 1 0 0 0 0 0 0
G_04479 0 0 0 0 0 0 0 0 0 0 0 1
G_05002 1 0 0 0 0 0 0 0 0 0 0 0
G_03548 1 0 0 0 0 0 0 0 0 0 0 0
G_04574 1 0 0 0 0 0 0 0 0 0 0 0
G_00761 1 0 0 0 0 0 0 0 0 0 0 0
G_04114 0 0 0 0 0 1 0 0 0 0 0 0
G_01443 1 0 0 0 0 0 0 0 0 0 0 0
G_02225 1 0 0 0 0 0 0 0 0 0 0 0
G_01632 1 0 0 0 0 0 0 0 0 0 0 0
G_05777 1 0 0 0 0 0 0 0 0 0 0 0
G_03520 0 0 0 0 0 0 1 0 0 0 0 0
G_00218 0 0 0 0 0 1 0 0 0 0 0 0
G_01047 1 0 0 0 0 0 0 0 0 0 0 0
G_00607 0 1 0 1 0 0 0 0 0 0 0 0
G_03483 0 0 0 0 0 0 0 1 0 1 0 0
G_00445 0 0 0 0 0 0 0 1 0 1 0 0
G_00683 0 1 0 1 0 0 0 0 0 0 0 0
G_02877 0 1 0 1 0 0 0 0 0 0 0 0
G_05378 0 0 0 0 0 0 4 0 0 0 0 0
G_05535 0 0 0 0 0 0 1 0 0 0 0 0
G_00287 1 0 0 0 0 0 0 0 0 0 0 0
G_04757 1 0 0 0 0 0 0 0 0 0 0 0
G_03552 1 0 0 0 0 0 0 0 0 0 0 0
G_05560 0 0 0 0 0 0 0 0 0 0 0 1
G_01436 0 0 0 0 0 0 0 0 0 0 0 1
G_05059 0 0 0 0 0 0 1 0 0 0 0 0
G_03532 1 0 0 0 0 0 0 0 0 0 0 0
G_01703 0 1 0 1 0 0 0 0 0 0 0 0
G_02320 1 0 0 0 0 0 0 0 0 0 0 0
G_04841 0 0 0 0 0 0 0 1 0 1 0 0
G_05263 1 0 0 0 0 0 0 0 0 0 0 0
G_01030 1 0 0 0 0 0 0 0 0 0 0 0
G_03974 0 0 0 0 0 0 0 1 0 1 0 0
G_05572 1 0 0 0 0 0 0 0 0 0 0 0
G_05669 0 0 0 0 0 0 0 0 0 0 0 1
G_02966 0 0 0 0 0 0 0 0 0 0 1 0
