locus_tag p_1 p_2 p_2V p_2S p_3 p_4 q_1 q_2 q_2V q_2S q_3 q_4
G_01083 1 0 0 0 0 0 0 0 0 0 0 0
G_05167 1 0 0 0 0 0 0 0 0 0 0 0
G_00664 0 0 0 0 0 1 0 0 0 0 0 0
G_01527 1 0 0 0 0 0 0 0 0 0 0 0
G_03371 1 0 0 0 0 0 0 0 0 0 0 0
G_03077 2 0 0 0 0 0 0 0 0 0 0 0
G_00663 0 0 0 0 0 1 0 0 0 0 0 0
G_02418 2 0 0 0 0 0 0 0 0 0 0 0
G_02533 0 0 0 0 0 1 0 0 0 0 0 0
G_00727 0 1 0 1 0 0 0 0 0 0 0 0
G_00488 1 0 0 0 0 0 0 0 0 0 0 0
G_02026 1 0 0 0 0 0 0 0 0 0 0 0
G_05377 0 1 0 1 0 0 0 0 0 0 0 1
G_05378 0 0 0 0 1 0 0 0 0 0 0 0
G_02896 0 0 0 0 0 0 1 0 0 0 0 0
G_01398 1 0 0 0 0 0 0 0 0 0 0 0
G_00103 1 0 0 0 0 0 0 0 0 0 0 0
G_00162 0 0 0 0 0 0 1 0 0 0 0 0
G_00286 0 0 0 0 0 1 0 0 0 0 0 0
G_02665 0 0 0 0 0 0 0 0 0 0 0 1
G_02600 0 0 0 0 0 1 0 0 0 0 0 0
G_01869 0 0 0 0 0 1 0 0 0 0 0 0
G_04890 1 0 0 0 0 0 0 0 0 0 0 0
G_05039 1 0 0 0 0 0 0 0 0 0 0 0
G_02426 1 0 0 0 0 0 0 0 0 0 0 0
G_05425 0 0 0 0 0 1 0 0 0 0 0 0
G_03853 1 0 0 0 0 0 0 0 0 0 0 0
G_03998 0 0 0 0 0 1 0 0 0 0 0 0
G_04801 1 1 0 1 0 0 0 0 0 0 0 1
G_05772 0 0 0 0 0 0 1 0 0 0 0 0
G_02340 0 0 0 0 0 0 0 0 0 0 0 1
G_02135 0 0 0 0 0 0 1 0 0 0 0 0
G_02133 0 0 0 0 0 1 0 0 0 0 0 0
G_02404 0 0 0 0 0 0 1 0 0 0 0 0
G_04034 1 0 0 0 0 0 0 0 0 0 0 0
G_01337 1 0 0 0 0 0 0 0 0 0 0 0
G_03466 0 0 0 0 0 0 0 0 0 0 0 1
G_04367 1 0 0 0 0 0 0 0 0 0 0 0
