locus_tag p_1 p_2 p_2V p_2S p_3 p_4 q_1 q_2 q_2V q_2S q_3 q_4
G_03603 0 0 0 0 0 1 0 0 0 0 0 0
G_00762 0 1 0 1 0 0 0 0 0 0 0 0
G_04756 1 0 0 0 0 0 0 0 0 0 0 0
G_02418 1 0 0 0 0 0 0 0 0 0 0 0
G_03661 1 0 0 0 0 0 0 0 0 0 0 0
G_00608 0 0 0 0 0 1 0 0 0 0 0 0
G_02266 0 0 0 0 0 0 0 0 0 0 1 0
G_02411 1 0 0 0 0 0 0 0 0 0 0 0
G_00605 0 0 0 0 0 1 0 0 0 0 0 0
G_03980 1 0 0 0 0 0 0 0 0 0 0 0
G_02416 1 0 0 0 0 0 0 0 0 0 0 0
G_01463 1 0 0 0 0 0 0 0 0 0 0 0
G_01148 0 1 0 1 0 0 0 0 0 0 0 0
G_03296 1 0 0 0 0 0 0 0 0 0 0 0
G_05378 3 1 0 1 0 0 0 0 0 0 0 3
G_03513 0 0 0 0 0 1 0 0 0 0 0 0
G_03434 1 1 0 1 0 0 0 0 0 0 0 0
G_04016 0 0 0 0 0 1 0 0 0 0 0 0
G_03077 1 0 0 0 0 0 0 0 0 0 0 0
G_02235 1 0 0 0 0 0 0 0 0 0 0 0
G_04558 1 0 0 0 0 0 0 0 0 0 0 0
G_04725 0 1 1 0 0 0 0 0 0 0 0 0
G_03532 1 0 0 0 0 0 0 0 0 0 0 0
G_02110 1 0 0 0 0 0 0 0 0 0 0 0
G_02343 1 0 0 0 0 0 0 0 0 0 0 0
G_05589 1 0 0 0 0 0 0 0 0 0 0 0
G_03300 1 0 0 0 0 0 0 0 0 0 0 0
G_05377 0 1 0 1 1 1 0 0 0 0 0 1
G_03466 0 0 0 0 0 2 0 0 0 0 0 1
G_05470 1 0 0 0 0 0 0 0 0 0 0 0
G_05665 1 0 0 0 0 0 0 0 0 0 0 1
