locus_tag p_1 p_2 p_2V p_2S p_3 p_4 q_1 q_2 q_2V q_2S q_3 q_4
G_00440 0 0 0 0 0 0 0 1 0 1 0 0
G_02042 1 0 0 0 0 0 0 0 0 0 0 0
G_02511 1 0 0 0 0 0 0 0 0 0 0 0
G_04222 1 0 0 0 0 0 0 0 0 0 0 0
G_05511 0 0 0 0 0 0 0 0 0 0 0 1
G_05287 0 0 0 0 0 0 0 0 0 0 0 1
G_03493 0 0 0 0 0 1 0 0 0 0 0 0
G_01895 0 0 0 0 0 0 0 0 0 0 1 0
G_02353 0 0 0 0 0 0 0 0 0 0 0 1
G_05599 0 0 0 0 0 0 0 0 0 0 0 1
G_01025 0 0 0 0 0 0 0 0 0 0 0 1
G_05217 0 0 0 0 0 0 0 0 0 0 0 1
G_04998 0 1 0 1 0 0 0 0 0 0 0 0
G_05462 0 0 0 0 0 1 0 0 0 0 0 0
G_00104 0 0 0 0 0 0 0 0 0 0 0 1
G_02722 1 0 0 0 0 0 0 0 0 0 0 0
G_02723 1 0 0 0 0 0 0 0 0 0 0 0
G_03437 1 0 0 0 0 0 0 0 0 0 0 0
G_04424 1 0 0 0 0 0 0 0 0 0 0 0
G_04059 1 0 0 0 0 0 0 0 0 0 0 0
G_00239 0 0 0 0 0 0 1 0 0 0 0 0
G_00435 0 1 0 1 0 0 0 0 0 0 0 0
G_05917 1 0 0 0 0 0 0 0 0 0 0 0
G_04127 0 0 0 0 0 0 0 0 0 0 0 1
G_01259 1 0 0 0 0 0 0 0 0 0 0 0
G_04330 1 0 0 0 0 0 0 0 0 0 0 0
G_02118 2 0 0 0 0 0 0 0 0 0 0 0
G_01311 0 1 0 1 0 0 0 0 0 0 0 0
G_02465 1 0 0 0 0 0 0 0 0 0 0 0
G_02115 1 0 0 0 0 0 0 0 0 0 0 0
G_00732 0 0 0 0 0 1 0 0 0 0 0 0
G_04985 0 0 0 0 0 1 0 0 0 0 0 0
G_02940 1 0 0 0 0 0 0 0 0 0 0 0
G_01015 1 0 0 0 0 0 0 0 0 0 0 0
G_04982 1 0 0 0 0 0 0 0 0 0 0 0
G_04820 0 0 0 0 0 1 0 0 0 0 0 0
G_03812 0 0 0 0 0 0 1 0 0 0 0 0
G_05123 0 0 0 0 0 0 0 1 0 1 0 0
G_01240 0 0 0 0 0 0 0 0 0 0 0 1
G_01576 0 0 0 0 0 0 1 0 0 0 0 0
G_02377 1 0 0 0 0 0 0 0 0 0 0 0
G_05141 0 0 0 0 0 0 0 0 0 0 0 1
G_02065 0 0 0 0 0 1 0 0 0 0 0 0
G_05926 1 0 0 0 0 0 0 0 0 0 0 0
G_05920 1 1 0 1 0 0 0 0 0 0 0 0
G_00484 1 0 0 0 0 0 0 0 0 0 0 0
G_02265 0 0 0 0 0 0 1 0 0 0 0 0
G_00489 1 0 0 0 0 0 0 0 0 0 0 0
G_04819 1 0 0 0 0 0 0 1 0 1 0 0
G_03023 0 0 0 0 0 1 0 0 0 0 0 0
G_03515 0 0 0 0 0 0 0 0 0 0 0 1
G_05933 1 0 0 0 0 0 0 0 0 0 0 0
G_02580 0 0 0 0 0 0 1 0 0 0 0 0
G_03075 1 0 0 0 0 0 0 0 0 0 0 0
G_05781 0 0 0 0 0 0 1 0 0 0 0 0
G_00657 1 0 0 0 0 0 0 0 0 0 0 0
G_05932 1 0 0 0 0 0 0 0 0 0 0 0
G_01274 1 0 0 0 0 0 0 0 0 0 0 0
G_05395 0 0 0 0 0 0 1 0 0 0 0 0
G_04146 1 0 0 0 0 0 0 0 0 0 0 0
G_01579 0 0 0 0 0 1 0 0 0 0 0 0
G_03672 0 0 0 0 0 0 1 0 0 0 0 0
G_01174 0 1 0 1 0 0 0 0 0 0 0 0
G_01237 0 0 0 0 0 0 1 0 0 0 0 0
G_00499 0 0 0 0 0 1 0 0 0 0 0 0
G_02081 1 0 0 0 0 0 0 0 0 0 0 0
G_03836 1 0 0 0 0 0 0 0 0 0 0 0
G_03563 1 0 0 0 0 0 0 0 0 0 0 0
G_01876 1 0 0 0 0 0 0 0 0 0 0 0
G_01874 1 0 0 0 0 0 0 0 0 0 0 0
G_03682 0 1 0 1 0 0 0 0 0 0 0 0
G_04953 0 0 0 0 0 0 1 0 0 0 0 0
G_04950 0 0 0 0 0 0 1 0 0 0 0 0
G_01194 0 0 0 0 0 1 0 0 0 0 0 0
G_04672 1 0 0 0 0 0 0 0 0 0 0 0
G_04062 0 0 0 0 0 0 1 0 0 0 0 0
G_02418 1 0 0 0 0 0 0 0 0 0 0 0
G_00828 1 0 0 0 0 0 0 0 0 0 0 0
G_03669 1 0 0 0 0 0 0 0 0 0 0 0
G_02417 1 0 0 0 0 0 0 0 0 0 0 1
G_04465 1 0 0 0 0 0 0 0 0 0 0 0
G_05547 0 1 0 1 0 0 0 0 0 0 0 0
G_02648 0 0 0 0 0 0 1 0 0 0 0 0
G_04012 1 0 0 0 0 0 0 0 0 0 0 0
G_02641 0 1 0 1 0 0 0 0 0 0 0 0
G_04205 0 0 0 0 0 1 0 0 0 0 0 0
G_02425 0 0 0 0 0 1 0 0 0 0 0 0
G_04150 1 0 0 0 0 0 0 0 0 0 0 0
G_00777 1 0 0 0 0 0 0 0 0 0 0 0
G_03097 0 0 0 0 0 0 1 0 0 0 0 0
G_02382 0 0 0 0 0 0 1 0 0 0 0 0
G_05078 0 0 0 0 0 0 1 0 0 0 0 0
G_05895 0 0 0 0 0 1 0 0 0 0 0 0
G_03998 1 4 0 4 0 2 0 0 0 0 0 3
G_03659 0 0 0 0 0 0 1 0 0 0 0 0
G_03497 0 0 0 0 0 0 1 0 0 0 0 0
G_02787 0 0 0 0 0 0 0 0 0 0 0 1
G_04996 1 0 0 0 0 0 0 0 0 0 0 0
G_03911 0 0 0 0 0 0 1 0 0 0 0 0
G_04862 0 0 0 0 0 1 0 0 0 0 0 0
G_04861 1 0 0 0 0 0 0 0 0 0 0 0
G_05719 0 0 0 0 0 1 0 0 0 0 0 0
G_05243 0 1 0 1 0 0 0 0 0 0 0 0
G_05800 1 0 0 0 0 0 0 0 0 0 0 0
G_00593 0 0 0 0 0 0 1 0 0 0 0 0
G_03840 1 0 0 0 0 0 0 0 0 0 0 0
G_02426 0 0 0 0 0 1 0 0 0 0 0 0
G_00510 1 0 0 0 0 0 0 0 0 0 0 0
G_00359 1 0 0 0 0 0 1 0 0 0 0 0
G_03849 1 0 0 0 0 0 0 0 0 0 0 0
G_02537 1 0 0 0 0 0 0 0 0 0 0 0
G_00969 1 0 0 0 0 0 0 0 0 0 0 0
G_05378 0 1 0 1 0 1 0 1 0 1 0 0
G_01321 1 0 0 0 0 0 0 0 0 0 0 0
G_01503 0 0 0 0 0 0 1 0 0 0 0 0
G_00166 0 1 0 1 0 0 0 0 0 0 0 0
G_02978 0 0 0 0 0 0 1 0 0 0 0 0
G_00048 0 0 0 0 0 0 1 0 0 0 0 0
G_05670 0 0 0 0 0 1 0 0 0 0 0 0
G_04271 1 0 0 0 0 0 0 0 0 0 0 0
G_02974 0 1 0 1 0 0 0 0 0 0 0 0
G_00224 1 0 0 0 0 1 0 0 0 0 0 0
G_02493 0 0 0 0 0 0 0 0 0 0 0 1
G_00226 0 1 0 1 0 0 0 0 0 0 0 0
G_01627 0 0 0 0 0 1 0 0 0 0 0 0
G_01625 1 0 0 0 0 0 0 0 0 0 0 0
G_01532 0 0 0 0 0 0 0 0 0 0 0 1
G_00585 1 0 0 0 0 0 0 0 0 0 0 0
G_05737 0 0 0 0 0 0 1 0 0 0 0 0
G_03531 1 0 0 0 0 0 0 0 0 0 0 0
G_04212 1 0 0 0 0 0 0 0 0 0 0 0
G_04741 0 0 0 0 0 0 0 0 0 0 0 1
G_00182 0 0 0 0 0 1 0 0 0 0 0 0
G_02325 0 0 0 0 0 0 0 0 0 0 0 1
G_01235 0 0 0 0 0 0 0 0 0 0 0 1
G_05871 1 0 0 0 0 0 0 0 0 0 0 0
G_05180 0 0 0 0 0 1 0 0 0 0 0 0
G_05377 1 0 0 0 1 0 0 0 0 0 0 0
G_00917 0 0 0 0 0 1 0 0 0 0 0 0
G_01182 0 1 0 1 0 0 0 0 0 0 0 0
G_04447 0 0 0 0 0 1 0 0 0 0 0 0
