locus_tag p_1 p_2 p_2V p_2S p_3 p_4 q_1 q_2 q_2V q_2S q_3 q_4
G_02043 1 0 0 0 0 0 0 0 0 0 0 0
G_00981 0 0 0 0 0 0 1 0 0 0 0 0
G_02515 0 0 0 0 0 0 1 0 0 0 0 0
G_01504 0 0 0 0 0 0 1 0 0 0 0 0
G_01261 0 0 0 0 0 0 0 0 0 0 0 1
G_01911 0 0 0 0 0 0 1 0 0 0 0 0
G_02202 0 0 0 0 0 0 0 1 0 1 0 0
G_02418 1 0 0 0 0 0 1 0 0 0 0 0
G_01997 1 0 0 0 0 0 0 0 0 0 0 0
G_02177 1 0 0 0 0 0 0 0 0 0 0 0
G_03643 1 0 0 0 0 0 0 0 0 0 0 0
G_00822 0 0 0 0 0 0 0 1 0 1 0 0
G_05237 0 0 0 0 0 0 1 0 0 0 0 0
G_01000 0 0 0 0 0 0 0 0 0 0 0 1
G_02024 1 0 0 0 0 0 1 0 0 0 0 0
G_00162 0 0 0 0 0 0 0 0 0 0 0 1
G_00285 0 0 0 0 0 0 0 1 0 1 0 0
G_04231 0 1 0 1 0 1 0 0 0 0 0 0
G_02580 1 0 0 0 0 0 0 0 0 0 0 0
G_03077 1 0 0 0 0 0 0 0 0 0 0 0
G_04096 0 1 1 0 0 0 0 0 0 0 0 0
G_03612 0 0 0 0 0 0 1 0 0 0 0 0
G_00438 0 0 0 0 0 0 1 0 0 0 0 0
G_05919 0 0 0 0 0 0 1 0 0 0 0 0
G_04334 1 0 0 0 0 0 0 0 0 0 0 0
G_01397 0 0 0 0 0 0 1 0 0 0 0 0
G_02382 0 0 0 0 0 0 0 0 0 0 0 1
G_05788 0 0 0 0 0 0 0 1 0 1 0 0
G_02119 0 0 0 0 0 0 0 0 0 0 1 0
G_00853 0 0 0 0 0 0 1 0 0 0 0 0
G_02462 0 0 0 0 0 1 0 0 0 0 0 0
G_00082 0 0 0 0 0 1 0 0 0 0 0 0
G_03664 0 0 0 0 0 0 0 0 0 0 0 1
G_03466 3 3 0 3 0 3 0 0 0 0 0 1
G_05552 0 0 0 0 0 0 0 0 0 0 0 1
G_04020 0 0 0 0 0 0 1 0 0 0 0 0
G_04571 0 1 0 1 0 0 0 0 0 0 0 0
G_04574 0 0 0 0 0 0 1 0 0 0 0 0
G_01975 0 0 0 0 0 0 0 0 0 0 0 1
