locus_tag p_1 p_2 p_2V p_2S p_3 p_4 q_1 q_2 q_2V q_2S q_3 q_4
G_00232 0 0 0 0 0 0 0 0 0 0 0 1
G_03157 0 0 0 0 0 0 1 0 0 0 0 0
G_00409 1 0 0 0 0 0 0 0 0 0 0 0
G_04206 1 0 0 0 0 0 0 0 0 0 0 0
G_00338 0 0 0 0 0 0 0 1 0 1 0 0
G_01249 0 0 0 0 0 0 0 0 0 0 0 1
G_01389 0 0 0 0 0 1 0 0 0 0 0 0
G_01148 0 0 0 0 0 0 1 0 0 0 0 0
G_04687 0 0 0 0 0 1 0 0 0 0 0 0
G_05378 0 0 0 0 0 0 0 1 0 1 0 0
G_05097 0 1 0 1 0 0 0 0 0 0 0 0
G_01147 0 0 0 0 0 0 1 0 0 0 0 0
G_04784 0 0 0 0 0 0 1 0 0 0 0 0
G_01865 0 0 0 0 0 0 1 0 0 0 0 0
G_03359 0 0 0 0 0 0 0 0 0 0 0 1
G_03553 0 0 0 0 0 0 1 0 0 0 0 0
G_05562 0 0 0 0 0 0 0 0 0 0 1 0
G_02155 0 0 0 0 0 0 1 0 0 0 0 0
G_05838 0 0 0 0 0 0 0 0 0 0 0 1
G_02986 0 0 0 0 0 0 1 0 0 0 0 0
G_04994 0 1 0 1 0 0 0 0 0 0 0 0
G_03655 1 0 0 0 0 0 0 0 0 0 0 0
G_00529 0 1 0 1 0 0 0 0 0 0 0 0
G_02274 1 0 0 0 0 0 0 0 0 0 0 0
G_03597 1 0 0 0 0 0 0 0 0 0 0 0
G_03996 0 0 0 0 0 0 0 0 0 0 0 1
G_03770 1 0 0 0 0 0 0 0 0 0 0 0
G_02116 1 0 0 0 0 0 0 0 0 0 0 0
G_01114 0 0 0 0 0 0 1 0 0 0 0 0
G_01159 0 0 0 0 0 0 1 0 0 0 0 0
G_05189 1 0 0 0 0 0 0 0 0 0 0 0
G_05343 1 0 0 0 0 0 0 0 0 0 0 0
G_02493 1 0 0 0 0 0 0 0 0 0 0 0
G_01858 0 1 0 1 0 0 0 0 0 0 0 0
G_04265 0 0 0 0 0 0 0 0 0 0 1 0
G_05680 0 0 0 0 0 0 0 1 0 1 0 0
