locus_tag p_1 p_2 p_2V p_2S p_3 p_4 q_1 q_2 q_2V q_2S q_3 q_4
G_01240 1 0 0 0 0 0 0 0 0 0 0 0
G_04953 1 0 0 0 0 0 0 0 0 0 0 0
G_01039 0 0 0 0 0 0 0 0 0 0 0 1
G_00511 0 0 0 0 0 1 0 0 0 0 0 0
G_03848 0 0 0 0 0 0 0 0 0 0 0 1
G_05378 0 1 0 1 0 0 0 0 0 0 0 0
G_01921 0 0 0 0 0 0 1 0 0 0 0 0
G_01518 1 0 0 0 0 0 0 0 0 0 0 0
G_01848 1 0 0 0 0 0 0 0 0 0 0 0
G_05338 1 0 0 0 0 0 0 0 0 0 0 0
G_02932 0 0 0 0 0 0 1 0 0 0 0 0
G_04273 0 0 0 0 0 0 1 0 0 0 0 0
G_02852 0 0 0 0 0 1 0 0 0 0 0 0
G_00124 1 0 0 0 0 0 0 0 0 0 0 0
G_02175 0 1 0 1 0 0 0 0 0 0 0 0
G_04666 0 0 0 0 0 0 0 0 0 0 0 1
G_01907 0 0 0 0 0 0 1 0 0 0 0 0
G_04602 0 0 0 0 0 0 1 0 0 0 0 0
G_05657 0 0 0 0 0 0 0 0 0 0 0 1
G_02681 0 0 0 0 0 0 1 0 0 0 0 0
G_03184 0 1 0 1 0 0 0 0 0 0 0 0
G_01171 0 0 0 0 0 0 1 0 0 0 0 0
G_00265 0 0 0 0 0 0 1 0 0 0 0 0
G_03183 0 0 0 0 0 0 1 0 0 0 0 0
G_02686 0 0 0 0 0 0 0 0 0 0 0 1
G_03990 0 0 0 0 0 0 1 0 0 0 0 0
G_04415 1 0 0 0 0 1 0 0 0 0 0 0
G_04519 1 0 0 0 0 0 0 0 0 0 0 0
G_03389 0 0 0 0 0 0 1 0 0 0 0 0
G_00016 0 0 0 0 0 0 0 0 0 0 0 1
G_03893 1 0 0 0 0 0 1 0 0 0 0 0
G_00053 0 0 0 0 0 0 0 0 0 0 0 1
G_02719 0 0 0 0 0 0 1 0 0 0 0 0
