locus_tag p_1 p_2 p_2V p_2S p_3 p_4 q_1 q_2 q_2V q_2S q_3 q_4
G_02036 0 1 0 1 0 0 0 0 0 0 0 0
G_00178 1 0 0 0 0 0 0 0 0 0 0 0
G_00218 1 0 0 0 0 0 0 0 0 0 0 0
G_02042 1 0 0 0 0 0 0 0 0 0 0 0
G_05933 0 0 0 0 0 0 1 0 0 0 0 0
G_03503 0 0 0 0 0 0 1 0 0 0 0 0
G_05923 0 0 0 0 0 1 0 0 0 0 0 0
G_03466 0 0 0 0 0 0 0 0 0 0 0 1
G_02780 0 0 0 0 0 0 1 0 0 0 0 0
G_03653 0 0 0 0 0 0 1 0 0 0 0 0
G_03157 0 0 0 0 0 0 1 0 0 0 0 0
G_01047 0 0 0 0 0 0 1 0 0 0 0 0
G_04429 1 0 0 0 0 0 0 0 0 0 0 0
G_01958 1 0 0 0 0 0 0 0 0 0 0 0
G_03647 0 1 0 1 0 0 0 0 0 0 0 0
G_05567 0 0 0 0 0 0 0 0 0 0 0 1
G_01965 1 0 0 0 0 0 0 0 0 0 0 0
G_04953 1 0 0 0 0 0 0 0 0 0 0 0
