locus_tag p_1 p_2 p_2V p_2S p_3 p_4 q_1 q_2 q_2V q_2S q_3 q_4
G_04117 0 0 0 0 0 0 1 0 0 0 0 0
G_05314 0 0 0 0 0 0 1 0 0 0 0 0
G_01500 0 0 0 0 0 0 1 0 0 0 0 0
G_00758 1 0 0 0 0 0 0 0 0 0 0 0
G_01100 1 0 0 0 0 0 0 0 0 0 0 0
G_03268 0 0 0 0 0 0 1 0 0 0 0 0
G_01826 0 0 0 0 0 0 0 0 0 0 1 0
G_04737 0 1 0 1 0 0 0 0 0 0 0 0
G_02144 1 0 0 0 0 0 0 0 0 0 0 0
G_04287 0 0 0 0 0 1 0 0 0 0 0 0
G_01646 1 0 0 0 0 0 0 0 0 0 0 0
G_00082 0 0 0 0 0 0 1 0 0 0 0 0
G_02368 0 0 0 0 0 0 0 0 0 0 0 1
G_03631 0 0 0 0 0 0 0 0 0 0 0 1
G_00190 0 0 0 0 0 0 0 0 0 0 0 1
G_03954 0 0 0 0 0 0 1 0 0 0 0 0
G_04901 0 0 0 0 0 0 1 0 0 0 0 0
