locus_tag p_1 p_2 p_2V p_2S p_3 p_4 q_1 q_2 q_2V q_2S q_3 q_4
G_02430 1 0 0 0 0 0 0 0 0 0 0 0
G_01445 0 0 0 0 0 0 0 0 0 0 0 1
G_03152 0 0 0 0 0 0 1 0 0 0 0 0
G_05438 1 0 0 0 0 0 0 0 0 0 0 0
G_01508 0 0 0 0 0 0 0 0 0 0 0 1
G_04159 0 0 0 0 0 0 1 0 0 0 0 0
G_03178 0 0 0 0 0 0 1 0 0 0 0 0
G_05377 1 0 0 0 0 0 0 0 0 0 0 0
G_04115 0 1 0 1 0 0 0 0 0 0 0 0
G_05403 0 0 0 0 0 0 1 0 0 0 0 0
G_04355 1 0 0 0 0 0 0 0 0 0 0 0
G_05549 1 0 0 0 0 0 0 0 0 0 0 0
G_05632 0 0 0 0 0 1 0 0 0 0 0 0
G_01626 0 0 0 0 0 0 0 0 0 0 0 1
G_01254 0 1 1 0 0 0 0 0 0 0 0 0
G_01274 0 0 0 0 0 0 0 0 0 0 1 0
G_04726 0 0 0 0 0 0 0 0 0 0 0 1
G_00415 0 1 0 1 0 0 0 0 0 0 0 0
G_04401 1 0 0 0 0 0 0 0 0 0 0 0
G_03998 0 0 0 0 0 1 0 0 0 0 0 0
G_03777 1 0 0 0 0 0 0 0 0 0 0 0
G_05203 0 0 0 0 0 0 0 0 0 0 1 0
G_00911 1 0 0 0 0 0 0 0 0 0 0 0
G_03393 1 0 0 0 0 0 0 0 0 0 0 0
G_01875 0 0 0 0 0 0 1 0 0 0 0 0
