locus_tag p_1 p_2 p_2V p_2S p_3 p_4 q_1 q_2 q_2V q_2S q_3 q_4
G_03185 0 0 0 0 0 0 0 0 0 0 0 1
G_02426 0 0 0 0 0 0 1 0 0 0 0 0
G_00113 0 1 0 1 0 0 0 0 0 0 0 0
G_03053 1 0 0 0 0 0 0 0 0 0 0 0
G_00740 0 0 0 0 0 0 1 0 0 0 0 0
G_04868 0 0 0 0 0 0 1 0 0 0 0 0
G_02304 0 0 0 0 0 0 0 0 0 0 0 1
G_00516 0 0 0 0 0 0 0 0 0 0 0 1
G_03998 0 2 0 2 0 0 0 1 0 1 0 4
G_05339 1 0 0 0 0 0 0 0 0 0 0 0
G_03564 1 0 0 0 0 0 0 0 0 0 0 0
G_03314 0 0 0 0 0 0 1 0 0 0 0 0
G_04435 1 0 0 0 0 0 0 0 0 0 0 0
G_03815 1 0 0 0 0 0 0 0 0 0 0 0
