locus_tag p_1 p_2 p_2V p_2S p_3 p_4 q_1 q_2 q_2V q_2S q_3 q_4
G_04751 0 1 0 1 0 0 0 0 0 0 0 0
G_02036 0 0 0 0 0 1 0 0 0 0 0 0
G_05907 0 0 0 0 0 0 0 0 0 0 0 1
G_05142 1 0 0 0 0 0 0 0 0 0 0 0
G_04111 1 0 0 0 0 0 0 0 0 0 0 0
G_04207 0 1 0 1 0 0 0 0 0 0 0 0
G_02200 0 0 0 0 0 0 0 1 0 1 0 0
G_01383 0 1 0 1 0 0 0 0 0 0 0 0
G_01734 0 0 0 0 0 0 1 0 0 0 0 0
G_01675 0 1 0 1 0 0 0 0 0 0 0 0
G_00927 1 0 0 0 0 0 0 0 0 0 0 0
G_04442 1 0 0 0 0 0 0 0 0 0 0 0
G_02003 0 0 0 0 0 0 1 0 0 0 0 0
G_02796 0 0 0 0 0 0 0 0 0 0 0 1
G_04528 0 0 0 0 0 0 1 0 0 0 0 0
G_02083 1 0 0 0 0 0 0 0 0 0 0 0
G_01143 1 0 0 0 0 0 0 0 0 0 0 0
G_04785 1 0 0 0 0 0 0 0 0 0 0 0
G_04036 1 0 0 0 0 0 0 0 0 0 0 0
G_04187 0 0 0 0 0 0 1 0 0 0 0 0
G_02977 1 0 0 0 0 0 0 0 0 0 0 0
G_03969 0 0 0 0 0 0 0 0 0 0 0 1
G_05749 0 0 0 0 0 0 0 0 0 0 0 1
G_00220 1 0 0 0 0 0 0 0 0 0 0 0
G_05425 1 0 0 0 0 0 0 0 0 0 0 0
G_00779 1 0 0 0 0 0 0 0 0 0 0 0
G_04745 0 0 0 0 0 0 0 1 0 1 0 0
G_03363 1 0 0 0 0 0 0 0 0 0 0 0
G_05623 0 0 0 0 0 1 0 0 0 0 0 0
G_03675 0 1 0 1 0 0 0 0 0 0 0 0
G_03208 1 0 0 0 0 0 0 0 0 0 0 0
G_01218 1 0 0 0 0 0 0 0 0 0 0 0
G_00616 0 0 0 0 0 0 1 0 0 0 0 0
G_00499 0 0 0 0 0 0 0 0 0 0 0 1
G_03497 0 0 0 0 0 0 2 0 0 0 0 1
G_03998 1 0 0 0 0 1 0 0 0 0 0 0
G_02927 1 0 0 0 0 0 0 0 0 0 0 0
G_03406 0 0 0 0 0 1 0 0 0 0 0 0
G_01991 1 0 0 0 0 0 0 0 0 0 0 0
