KBS0703,0.6829502518162242,-0.18502954441663697,-0.2324892533008947,-0.035511298732290475
KBS0710,0,0,0,0
KBS0711,-0.4437924002052258,-0.6837967590419853,-0.3967167170789136,-0.42300597275968116,-0.33773089304125825,-0.8993401255259499,-0.5806516210187427,-1.4826044245160948
KBS0713,-0.10577601733223699,2.978227854361867,3.079414101298402
KBS0715,0.4281275694227778,0.5433306956290386,0.47983732724551215,2.496310257144182
KBS0721,0,0,0,0
KBS0722,0.1682875630165465,-1.3493905399963502,0.1862186955615816,1.995987304258771
KBS0724,0.5956570918412672,2.200969166444364,1.7812706015802562,0.6399332501144169
KBS0727,1.9920738247100656,1.8553928932123651,1.9769496431664384,2.017718512714434
KBS0802,2.632812902944915,2.655391806533353,2.6689231104105353,2.6915160961910596
