KBS0703 1 0.483745574455 0.214578801403 0.314950035117 0.0536353838776 0.682950251816
KBS0703 2 0.269218795308 0.106504906461 0.314950035117 0.0536353838776 -0.185029544417
KBS0703 3 0.257488823561 0.101189063953 0.314950035117 0.0536353838776 -0.232489253301
KBS0703 4 0.306173189649 0.123654367674 0.314950035117 0.0536353838776 -0.0355112987323
KBS0711 2 1.24332925023 0.760435788069 1.57150698502 0.30734440576 -0.443792400205
KBS0711 3 1.06584967467 0.609713061812 1.57150698502 0.30734440576 -0.683796759042
KBS0711 4 1.2781410024 0.791646940272 1.57150698502 0.30734440576 -0.396716717079
KBS0711 5 1.25870049739 0.774150556218 1.57150698502 0.30734440576 -0.42300597276
KBS0711 6 1.32176012276 0.831517227901 1.57150698502 0.30734440576 -0.337730893041
KBS0711 7 0.90645863118 0.486322753636 1.57150698502 0.30734440576 -0.899340125526
KBS0711 8 1.14212393655 0.672767200577 1.57150698502 0.30734440576 -0.580651621019
KBS0711 9 0.475143547054 0.209228689123 1.57150698502 0.30734440576 -1.48260442452
KBS0713 1 0.4873710279 0.217669539657 0.521178288548 0.103981093443 -0.105776017332
KBS0713 2 1.47305497933 0.984217422964 0.521178288548 0.103981093443 2.97822785436
KBS0713 3 1.50539529532 1.01676720242 0.521178288548 0.103981093443 3.0794141013
KBS0715 1 0.44223015097 0.192627361435 0.335603388425 0.0615169120794 0.428127569423
KBS0715 2 0.47092191777 0.208155343184 0.335603388425 0.0615169120794 0.543330695629
KBS0715 3 0.455108658365 0.199551533721 0.335603388425 0.0615169120794 0.479837327246
KBS0715 4 0.957318736928 0.527583717611 0.335603388425 0.0615169120794 2.49631025714
KBS0722 1 0.378043768174 0.159243659093 0.336124428142 0.0617241556317 0.168287563017
KBS0722 2 0.0 0 0.336124428142 0.0617241556317 -1.34939054
KBS0722 3 0.382510296947 0.161508319808 0.336124428142 0.0617241556317 0.186218695562
KBS0722 4 0.833311914889 0.436113045033 0.336124428142 0.0617241556317 1.99598730426
KBS0724 1 0.479081246571 0.212482460588 0.330952427494 0.0596855237761 0.595657091841
KBS0724 2 0.878292445627 0.468120459266 0.330952427494 0.0596855237761 2.20096916644
KBS0724 3 0.773921233342 0.394388944281 0.330952427494 0.0596855237761 1.78127060158
KBS0724 4 0.490091902077 0.218575282344 0.330952427494 0.0596855237761 0.639933250114
KBS0727 1 0.497520583221 0.222560589621 0.163075952114 0.0277543743538 1.99207382471
KBS0727 2 0.474573540221 0.209856590123 0.163075952114 0.0277543743538 1.85539289321
KBS0727 3 0.494981419634 0.221143246404 0.163075952114 0.0277543743538 1.97694964317
KBS0727 4 0.501826010115 0.224970448267 0.163075952114 0.0277543743538 2.01771851271
KBS0802 1 0.984013961354 0.547669516438 0.329586045257 0.0591537959921 2.63281290294
KBS0802 2 0.989626310339 0.552037656447 0.329586045257 0.0591537959921 2.65539180653
KBS0802 3 0.992989733159 0.554662202077 0.329586045257 0.0591537959921 2.66892311041
KBS0802 4 0.998605582499 0.559055659677 0.329586045257 0.0591537959921 2.69151609619
