Time	Temp_C	blank_water_1	L0D4-100_1	L0D1-100_2	L0D5-100_2	L0D1-100_3	L0D5-100_3	L0D1-100_1	L0D5-100_1	L0D2-100_2	L1D1-100_2	L0D2-100_3	L1D1-100_3	L0D2-100_1	L1D1-100_1	L0D3-100_2	L1D2-100_2	L0D3-100_3	L1D2-100_3	L0D3-100_1	L1D2-100_1	L0D4-100_2	blank_media_1	L0D4-100_3	blank_water_2
0:00:00	24.9	0.035	0.043	0.039	0.040	0.040	0.038	0.039	0.039	0.038	0.038	0.036	0.035	0.036	0.035	0.038	0.037	0.037	0.035	0.036	0.037	0.037	0.035	0.040	0.037
0:15:27	25.0	0.035	0.039	0.036	0.039	0.039	0.038	0.039	0.038	0.039	0.040	0.037	0.036	0.037	0.036	0.038	0.037	0.037	0.036	0.037	0.038	0.038	0.035	0.040	0.037
0:30:51	25.1	0.035	0.039	0.036	0.039	0.039	0.038	0.039	0.038	0.039	0.039	0.037	0.036	0.037	0.036	0.038	0.037	0.037	0.036	0.037	0.038	0.038	0.035	0.040	0.037
0:46:16	25.1	0.035	0.040	0.037	0.039	0.039	0.038	0.040	0.038	0.039	0.040	0.037	0.036	0.036	0.036	0.038	0.038	0.037	0.036	0.037	0.038	0.038	0.035	0.040	0.037
1:01:41	25.2	0.035	0.040	0.036	0.039	0.039	0.038	0.039	0.038	0.039	0.039	0.037	0.036	0.036	0.036	0.038	0.038	0.037	0.036	0.037	0.038	0.038	0.035	0.040	0.037
1:17:06	25.3	0.035	0.040	0.037	0.039	0.040	0.038	0.040	0.038	0.039	0.040	0.037	0.036	0.037	0.036	0.038	0.038	0.038	0.036	0.037	0.038	0.038	0.035	0.040	0.037
1:32:30	25.3	0.035	0.040	0.037	0.039	0.040	0.038	0.040	0.039	0.039	0.040	0.037	0.036	0.037	0.036	0.039	0.038	0.037	0.036	0.037	0.038	0.038	0.035	0.040	0.037
1:47:55	25.3	0.035	0.040	0.037	0.039	0.040	0.038	0.040	0.039	0.039	0.040	0.037	0.036	0.037	0.036	0.039	0.038	0.038	0.036	0.037	0.038	0.038	0.035	0.040	0.037
2:03:19	25.4	0.035	0.040	0.037	0.039	0.040	0.038	0.040	0.039	0.039	0.041	0.038	0.036	0.037	0.036	0.039	0.038	0.038	0.037	0.037	0.039	0.039	0.035	0.040	0.037
2:18:44	25.4	0.035	0.040	0.037	0.039	0.040	0.038	0.040	0.039	0.039	0.041	0.038	0.036	0.037	0.037	0.039	0.038	0.038	0.037	0.037	0.038	0.039	0.035	0.040	0.037
2:34:09	25.4	0.035	0.040	0.037	0.039	0.040	0.038	0.040	0.039	0.039	0.040	0.038	0.036	0.037	0.036	0.039	0.038	0.038	0.037	0.038	0.038	0.039	0.035	0.040	0.037
2:49:33	25.4	0.035	0.040	0.037	0.039	0.040	0.038	0.040	0.039	0.039	0.040	0.038	0.036	0.037	0.037	0.039	0.038	0.038	0.037	0.038	0.039	0.039	0.035	0.041	0.037
3:04:58	25.4	0.035	0.040	0.038	0.040	0.041	0.039	0.040	0.039	0.039	0.040	0.038	0.036	0.037	0.036	0.039	0.038	0.038	0.037	0.038	0.039	0.039	0.035	0.041	0.037
3:20:23	25.4	0.035	0.041	0.038	0.040	0.041	0.039	0.040	0.039	0.039	0.040	0.038	0.036	0.037	0.036	0.039	0.038	0.038	0.037	0.038	0.039	0.039	0.035	0.041	0.037
3:35:47	25.4	0.035	0.040	0.038	0.040	0.042	0.039	0.040	0.040	0.040	0.040	0.038	0.036	0.037	0.037	0.039	0.039	0.038	0.037	0.038	0.039	0.039	0.035	0.041	0.037
3:51:11	25.4	0.035	0.041	0.038	0.040	0.042	0.039	0.041	0.040	0.040	0.040	0.038	0.036	0.037	0.037	0.040	0.039	0.039	0.037	0.038	0.039	0.039	0.035	0.041	0.037
4:06:36	25.4	0.035	0.041	0.039	0.040	0.042	0.039	0.041	0.040	0.040	0.040	0.039	0.037	0.038	0.037	0.040	0.039	0.039	0.037	0.039	0.039	0.040	0.036	0.041	0.037
4:22:01	25.4	0.035	0.041	0.039	0.040	0.042	0.040	0.041	0.040	0.040	0.041	0.039	0.037	0.038	0.037	0.040	0.039	0.039	0.037	0.039	0.039	0.040	0.036	0.041	0.037
4:37:26	25.4	0.034	0.041	0.039	0.041	0.042	0.040	0.041	0.040	0.040	0.041	0.039	0.037	0.038	0.037	0.040	0.039	0.039	0.037	0.039	0.039	0.040	0.035	0.041	0.037
4:52:50	25.4	0.035	0.042	0.039	0.041	0.043	0.040	0.041	0.040	0.040	0.040	0.039	0.037	0.038	0.037	0.040	0.039	0.039	0.038	0.039	0.039	0.040	0.036	0.042	0.037
5:08:15	25.4	0.034	0.041	0.039	0.041	0.043	0.040	0.042	0.040	0.040	0.040	0.039	0.037	0.038	0.037	0.040	0.039	0.040	0.037	0.039	0.039	0.040	0.036	0.042	0.037
5:23:40	25.4	0.035	0.042	0.040	0.041	0.043	0.040	0.042	0.041	0.041	0.040	0.039	0.037	0.039	0.037	0.041	0.039	0.040	0.038	0.039	0.039	0.040	0.036	0.042	0.037
5:39:04	25.4	0.035	0.042	0.040	0.041	0.043	0.040	0.042	0.041	0.041	0.041	0.039	0.037	0.039	0.037	0.041	0.040	0.040	0.038	0.039	0.039	0.040	0.036	0.042	0.037
5:54:29	25.3	0.035	0.042	0.040	0.042	0.044	0.041	0.043	0.041	0.041	0.041	0.040	0.037	0.039	0.037	0.041	0.039	0.040	0.038	0.040	0.040	0.041	0.036	0.043	0.037
6:09:54	25.3	0.035	0.042	0.041	0.042	0.044	0.041	0.043	0.041	0.041	0.041	0.040	0.037	0.039	0.037	0.041	0.040	0.040	0.038	0.040	0.040	0.041	0.036	0.043	0.038
6:25:19	25.3	0.034	0.043	0.041	0.042	0.045	0.041	0.043	0.041	0.041	0.042	0.040	0.038	0.039	0.037	0.042	0.040	0.041	0.038	0.040	0.040	0.041	0.035	0.043	0.038
6:40:43	25.3	0.035	0.043	0.041	0.042	0.045	0.041	0.044	0.041	0.042	0.041	0.040	0.037	0.040	0.038	0.042	0.040	0.041	0.038	0.040	0.040	0.041	0.036	0.043	0.038
6:56:08	25.3	0.035	0.043	0.042	0.043	0.046	0.042	0.044	0.042	0.042	0.041	0.041	0.038	0.040	0.037	0.042	0.040	0.041	0.039	0.040	0.040	0.041	0.036	0.043	0.038
7:11:32	25.3	0.035	0.043	0.042	0.043	0.046	0.042	0.044	0.042	0.042	0.041	0.041	0.038	0.040	0.038	0.042	0.040	0.042	0.039	0.041	0.040	0.042	0.036	0.043	0.038
7:26:57	25.3	0.034	0.044	0.042	0.043	0.047	0.042	0.044	0.043	0.042	0.042	0.041	0.038	0.040	0.038	0.043	0.040	0.042	0.039	0.041	0.040	0.042	0.036	0.044	0.038
7:42:22	25.3	0.035	0.044	0.043	0.043	0.047	0.043	0.045	0.043	0.042	0.042	0.041	0.038	0.040	0.038	0.043	0.041	0.042	0.039	0.041	0.040	0.042	0.036	0.044	0.038
7:57:47	25.2	0.034	0.045	0.043	0.044	0.048	0.043	0.045	0.043	0.043	0.042	0.042	0.038	0.041	0.038	0.043	0.041	0.043	0.039	0.041	0.041	0.043	0.035	0.044	0.038
8:13:11	25.2	0.035	0.045	0.043	0.044	0.049	0.043	0.045	0.043	0.043	0.042	0.042	0.039	0.041	0.039	0.044	0.041	0.043	0.039	0.041	0.041	0.043	0.036	0.044	0.038
8:28:36	25.2	0.035	0.046	0.044	0.045	0.049	0.044	0.046	0.044	0.043	0.042	0.043	0.039	0.041	0.039	0.044	0.041	0.043	0.040	0.042	0.041	0.043	0.036	0.045	0.038
8:44:00	25.2	0.035	0.046	0.044	0.045	0.050	0.044	0.046	0.044	0.044	0.042	0.043	0.039	0.042	0.039	0.044	0.042	0.044	0.040	0.042	0.041	0.043	0.036	0.045	0.039
8:59:25	25.2	0.035	0.047	0.045	0.045	0.051	0.044	0.047	0.044	0.044	0.041	0.043	0.039	0.042	0.039	0.044	0.042	0.044	0.040	0.042	0.041	0.044	0.036	0.045	0.038
9:14:50	25.2	0.035	0.047	0.046	0.046	0.051	0.045	0.047	0.045	0.044	0.042	0.043	0.039	0.042	0.040	0.045	0.042	0.044	0.040	0.043	0.041	0.044	0.036	0.046	0.039
9:30:14	25.2	0.035	0.048	0.046	0.046	0.052	0.046	0.048	0.045	0.045	0.041	0.044	0.040	0.043	0.039	0.046	0.042	0.045	0.040	0.043	0.041	0.045	0.036	0.046	0.039
9:45:39	25.2	0.035	0.048	0.047	0.047	0.053	0.046	0.048	0.046	0.045	0.043	0.044	0.040	0.043	0.039	0.046	0.042	0.045	0.041	0.043	0.042	0.045	0.036	0.047	0.039
10:01:04	25.2	0.035	0.049	0.048	0.047	0.054	0.047	0.049	0.046	0.046	0.043	0.044	0.040	0.043	0.040	0.047	0.043	0.046	0.041	0.044	0.042	0.046	0.036	0.047	0.039
10:16:29	25.2	0.035	0.049	0.049	0.048	0.056	0.047	0.049	0.047	0.047	0.042	0.045	0.040	0.044	0.040	0.047	0.043	0.046	0.041	0.044	0.042	0.046	0.036	0.048	0.039
10:31:53	25.2	0.035	0.050	0.050	0.049	0.056	0.048	0.050	0.047	0.047	0.042	0.045	0.040	0.044	0.040	0.048	0.043	0.047	0.041	0.045	0.043	0.047	0.036	0.048	0.039
10:47:18	25.2	0.035	0.051	0.050	0.049	0.057	0.049	0.051	0.048	0.047	0.042	0.046	0.040	0.045	0.040	0.049	0.044	0.048	0.042	0.045	0.043	0.048	0.036	0.049	0.039
11:02:42	25.2	0.035	0.051	0.051	0.050	0.058	0.049	0.052	0.049	0.048	0.043	0.047	0.041	0.045	0.041	0.049	0.044	0.048	0.042	0.046	0.043	0.048	0.036	0.049	0.039
11:18:07	25.2	0.035	0.052	0.052	0.051	0.059	0.050	0.053	0.049	0.049	0.043	0.047	0.041	0.045	0.041	0.050	0.044	0.049	0.042	0.046	0.043	0.049	0.036	0.050	0.039
11:33:32	25.2	0.035	0.053	0.053	0.051	0.060	0.051	0.054	0.050	0.049	0.043	0.048	0.041	0.046	0.041	0.051	0.045	0.050	0.042	0.047	0.044	0.049	0.036	0.050	0.039
11:48:56	25.2	0.035	0.054	0.054	0.052	0.062	0.051	0.054	0.050	0.050	0.043	0.048	0.041	0.047	0.041	0.051	0.045	0.050	0.043	0.048	0.044	0.050	0.036	0.051	0.039
12:04:21	25.2	0.036	0.055	0.055	0.053	0.063	0.053	0.056	0.051	0.050	0.045	0.049	0.041	0.047	0.041	0.052	0.045	0.051	0.043	0.048	0.044	0.051	0.036	0.052	0.039
12:19:46	25.2	0.036	0.056	0.056	0.054	0.065	0.054	0.057	0.052	0.051	0.044	0.050	0.042	0.048	0.042	0.053	0.046	0.052	0.043	0.049	0.045	0.052	0.036	0.052	0.039
12:35:10	25.2	0.036	0.057	0.058	0.055	0.066	0.054	0.058	0.053	0.052	0.044	0.051	0.042	0.048	0.042	0.054	0.046	0.053	0.044	0.050	0.045	0.053	0.036	0.053	0.039
12:50:35	25.1	0.036	0.058	0.059	0.055	0.068	0.055	0.059	0.054	0.052	0.044	0.051	0.042	0.049	0.042	0.055	0.046	0.054	0.044	0.050	0.045	0.053	0.036	0.054	0.039
13:06:00	25.1	0.036	0.059	0.060	0.057	0.069	0.057	0.060	0.055	0.053	0.044	0.052	0.042	0.050	0.042	0.055	0.047	0.055	0.045	0.051	0.046	0.054	0.036	0.055	0.039
13:21:24	25.1	0.036	0.059	0.061	0.057	0.071	0.058	0.061	0.056	0.055	0.045	0.053	0.043	0.050	0.043	0.056	0.047	0.056	0.045	0.052	0.046	0.055	0.036	0.056	0.039
13:36:49	25.1	0.036	0.061	0.063	0.059	0.073	0.059	0.063	0.057	0.055	0.046	0.054	0.043	0.051	0.043	0.057	0.048	0.057	0.045	0.053	0.047	0.056	0.036	0.057	0.039
13:52:14	25.1	0.036	0.062	0.064	0.060	0.075	0.060	0.063	0.058	0.056	0.046	0.055	0.043	0.052	0.043	0.058	0.049	0.058	0.045	0.053	0.047	0.057	0.036	0.058	0.039
14:07:38	25.1	0.036	0.064	0.066	0.061	0.077	0.061	0.064	0.059	0.058	0.047	0.056	0.043	0.053	0.044	0.059	0.049	0.059	0.046	0.055	0.047	0.058	0.036	0.059	0.039
14:23:03	25.1	0.036	0.065	0.067	0.062	0.079	0.063	0.065	0.060	0.059	0.046	0.057	0.044	0.053	0.044	0.061	0.049	0.060	0.046	0.055	0.048	0.059	0.036	0.060	0.039
14:38:28	25.1	0.036	0.066	0.069	0.064	0.081	0.064	0.067	0.061	0.059	0.047	0.058	0.044	0.054	0.044	0.062	0.050	0.061	0.046	0.057	0.048	0.061	0.036	0.061	0.039
14:53:52	25.1	0.036	0.068	0.071	0.066	0.084	0.066	0.069	0.063	0.060	0.047	0.059	0.044	0.056	0.045	0.064	0.051	0.063	0.047	0.058	0.049	0.062	0.036	0.062	0.039
15:09:17	25.1	0.036	0.070	0.073	0.067	0.086	0.067	0.071	0.064	0.062	0.047	0.060	0.045	0.056	0.045	0.065	0.051	0.064	0.048	0.059	0.050	0.064	0.036	0.064	0.038
15:24:42	25.1	0.036	0.071	0.075	0.069	0.089	0.069	0.072	0.066	0.064	0.048	0.061	0.045	0.057	0.045	0.066	0.052	0.066	0.049	0.060	0.050	0.065	0.036	0.065	0.038
15:40:07	25.1	0.036	0.073	0.077	0.071	0.092	0.071	0.074	0.067	0.065	0.049	0.063	0.046	0.059	0.046	0.068	0.053	0.067	0.049	0.062	0.051	0.067	0.036	0.067	0.038
15:55:31	25.2	0.036	0.075	0.080	0.072	0.094	0.073	0.076	0.069	0.066	0.049	0.064	0.046	0.059	0.046	0.070	0.053	0.069	0.049	0.063	0.051	0.069	0.036	0.068	0.038
16:10:56	25.2	0.036	0.077	0.082	0.074	0.097	0.075	0.078	0.070	0.068	0.051	0.066	0.046	0.061	0.047	0.071	0.054	0.070	0.050	0.064	0.052	0.070	0.036	0.070	0.038
16:26:21	25.2	0.036	0.079	0.085	0.076	0.100	0.077	0.081	0.072	0.069	0.049	0.067	0.047	0.062	0.047	0.073	0.055	0.072	0.051	0.066	0.054	0.072	0.036	0.071	0.038
16:41:46	25.2	0.036	0.081	0.088	0.078	0.103	0.080	0.083	0.074	0.071	0.050	0.069	0.047	0.063	0.047	0.075	0.056	0.074	0.051	0.068	0.054	0.074	0.036	0.073	0.038
16:57:10	25.2	0.036	0.083	0.090	0.081	0.106	0.082	0.085	0.076	0.073	0.051	0.070	0.048	0.065	0.048	0.077	0.057	0.076	0.052	0.069	0.055	0.076	0.036	0.075	0.038
17:12:35	25.2	0.036	0.085	0.093	0.083	0.109	0.084	0.087	0.079	0.074	0.051	0.072	0.049	0.066	0.048	0.079	0.058	0.078	0.053	0.071	0.056	0.078	0.036	0.077	0.038
17:28:00	25.2	0.036	0.087	0.096	0.085	0.113	0.087	0.090	0.081	0.076	0.052	0.074	0.049	0.068	0.049	0.082	0.059	0.081	0.053	0.073	0.056	0.080	0.036	0.079	0.038
17:43:24	25.2	0.036	0.089	0.098	0.088	0.115	0.089	0.093	0.083	0.077	0.052	0.075	0.049	0.069	0.049	0.084	0.060	0.083	0.054	0.075	0.057	0.081	0.036	0.080	0.038
17:58:49	25.2	0.036	0.091	0.101	0.091	0.118	0.092	0.095	0.086	0.079	0.053	0.077	0.051	0.070	0.050	0.086	0.061	0.086	0.055	0.077	0.059	0.084	0.036	0.082	0.038
18:14:14	25.2	0.036	0.093	0.105	0.094	0.121	0.095	0.102	0.088	0.081	0.055	0.079	0.051	0.072	0.051	0.088	0.062	0.088	0.056	0.080	0.060	0.086	0.036	0.084	0.038
18:29:38	25.2	0.036	0.094	0.107	0.097	0.124	0.097	0.100	0.091	0.083	0.055	0.080	0.051	0.073	0.051	0.090	0.063	0.090	0.056	0.081	0.060	0.087	0.036	0.086	0.038
18:45:03	25.2	0.036	0.097	0.110	0.100	0.127	0.100	0.103	0.094	0.085	0.055	0.082	0.052	0.075	0.052	0.094	0.064	0.092	0.057	0.084	0.062	0.090	0.036	0.088	0.038
19:00:28	25.2	0.037	0.099	0.113	0.102	0.130	0.103	0.106	0.097	0.087	0.057	0.084	0.053	0.076	0.053	0.096	0.066	0.095	0.058	0.087	0.063	0.092	0.036	0.092	0.038
19:15:52	25.2	0.036	0.101	0.115	0.106	0.132	0.106	0.109	0.099	0.088	0.058	0.086	0.054	0.078	0.053	0.098	0.068	0.098	0.059	0.089	0.064	0.094	0.036	0.092	0.038
19:31:17	25.2	0.036	0.103	0.118	0.108	0.134	0.109	0.110	0.102	0.090	0.058	0.087	0.055	0.079	0.054	0.101	0.069	0.101	0.061	0.092	0.066	0.096	0.036	0.095	0.038
19:46:42	25.2	0.036	0.105	0.121	0.110	0.135	0.112	0.114	0.105	0.092	0.059	0.089	0.056	0.081	0.055	0.103	0.070	0.103	0.061	0.095	0.067	0.098	0.036	0.097	0.038
20:02:07	25.2	0.036	0.107	0.123	0.113	0.138	0.115	0.116	0.108	0.094	0.061	0.091	0.057	0.083	0.055	0.106	0.072	0.106	0.063	0.096	0.069	0.100	0.036	0.099	0.038
20:17:31	25.2	0.036	0.109	0.126	0.115	0.139	0.117	0.119	0.111	0.095	0.062	0.092	0.058	0.084	0.056	0.108	0.074	0.109	0.064	0.099	0.070	0.103	0.036	0.101	0.038
20:32:56	25.2	0.036	0.111	0.129	0.118	0.140	0.121	0.121	0.114	0.097	0.063	0.094	0.059	0.086	0.057	0.111	0.076	0.111	0.065	0.102	0.072	0.105	0.036	0.103	0.038
20:48:21	25.2	0.036	0.112	0.129	0.121	0.144	0.124	0.123	0.117	0.099	0.065	0.096	0.060	0.088	0.058	0.113	0.077	0.114	0.067	0.104	0.074	0.106	0.036	0.106	0.038
21:03:46	25.2	0.036	0.116	0.132	0.124	0.147	0.127	0.126	0.120	0.101	0.067	0.098	0.061	0.090	0.059	0.116	0.079	0.116	0.068	0.108	0.076	0.109	0.036	0.107	0.038
21:19:10	25.2	0.036	0.117	0.135	0.126	0.149	0.130	0.128	0.123	0.103	0.070	0.100	0.063	0.092	0.061	0.118	0.082	0.119	0.070	0.110	0.078	0.111	0.036	0.109	0.038
21:34:35	25.3	0.036	0.119	0.136	0.129	0.151	0.132	0.130	0.126	0.105	0.070	0.102	0.065	0.094	0.062	0.121	0.084	0.121	0.072	0.112	0.080	0.114	0.036	0.111	0.037
21:49:59	25.3	0.036	0.122	0.138	0.132	0.153	0.135	0.131	0.128	0.107	0.071	0.104	0.067	0.096	0.063	0.123	0.086	0.124	0.073	0.115	0.082	0.116	0.036	0.113	0.038
22:05:24	25.3	0.036	0.123	0.140	0.133	0.155	0.138	0.132	0.131	0.109	0.073	0.106	0.068	0.098	0.065	0.125	0.089	0.127	0.075	0.117	0.085	0.118	0.036	0.116	0.038
22:20:49	25.3	0.036	0.126	0.142	0.136	0.157	0.140	0.134	0.134	0.111	0.075	0.107	0.070	0.099	0.066	0.128	0.091	0.129	0.077	0.120	0.087	0.121	0.036	0.118	0.037
22:36:14	25.3	0.036	0.127	0.144	0.138	0.158	0.142	0.138	0.137	0.113	0.077	0.109	0.072	0.101	0.067	0.129	0.094	0.131	0.079	0.122	0.089	0.123	0.036	0.120	0.038
22:51:38	25.3	0.036	0.130	0.145	0.140	0.159	0.144	0.139	0.140	0.114	0.080	0.112	0.074	0.103	0.068	0.131	0.096	0.133	0.082	0.125	0.092	0.125	0.036	0.122	0.038
23:07:03	25.3	0.036	0.131	0.146	0.142	0.161	0.145	0.141	0.142	0.116	0.082	0.113	0.075	0.105	0.070	0.133	0.098	0.135	0.083	0.128	0.095	0.127	0.036	0.123	0.038
23:22:28	25.3	0.036	0.133	0.148	0.143	0.162	0.146	0.143	0.144	0.119	0.084	0.115	0.078	0.107	0.072	0.134	0.101	0.137	0.086	0.130	0.098	0.129	0.036	0.127	0.038
23:37:52	25.3	0.036	0.134	0.149	0.144	0.163	0.148	0.145	0.147	0.120	0.086	0.117	0.081	0.108	0.074	0.136	0.104	0.139	0.088	0.132	0.100	0.132	0.036	0.128	0.038
23:53:17	25.3	0.036	0.135	0.151	0.146	0.165	0.149	0.146	0.148	0.122	0.089	0.118	0.082	0.111	0.076	0.137	0.106	0.141	0.090	0.135	0.103	0.134	0.036	0.130	0.038
24:08:41	25.3	0.036	0.137	0.152	0.147	0.166	0.150	0.148	0.150	0.124	0.091	0.120	0.085	0.111	0.078	0.139	0.109	0.142	0.093	0.135	0.106	0.136	0.036	0.132	0.038
24:24:06	25.3	0.036	0.138	0.153	0.149	0.167	0.152	0.150	0.152	0.126	0.094	0.122	0.087	0.114	0.080	0.140	0.112	0.144	0.095	0.138	0.109	0.137	0.036	0.133	0.037
24:39:30	25.3	0.036	0.138	0.155	0.150	0.168	0.153	0.152	0.154	0.128	0.097	0.124	0.089	0.116	0.081	0.142	0.115	0.145	0.098	0.140	0.113	0.139	0.036	0.135	0.037
24:54:55	25.3	0.036	0.139	0.157	0.152	0.170	0.155	0.154	0.156	0.130	0.099	0.126	0.092	0.117	0.084	0.144	0.117	0.147	0.101	0.142	0.115	0.140	0.036	0.136	0.038
25:10:20	25.3	0.036	0.141	0.158	0.152	0.171	0.157	0.155	0.157	0.130	0.102	0.127	0.095	0.119	0.086	0.145	0.119	0.149	0.103	0.145	0.119	0.142	0.036	0.139	0.037
25:25:44	25.3	0.036	0.141	0.159	0.155	0.172	0.157	0.157	0.159	0.133	0.104	0.127	0.096	0.121	0.088	0.146	0.121	0.150	0.106	0.146	0.122	0.143	0.036	0.139	0.037
25:41:09	25.3	0.036	0.141	0.161	0.156	0.173	0.159	0.161	0.161	0.134	0.107	0.130	0.100	0.123	0.090	0.148	0.124	0.152	0.109	0.148	0.125	0.144	0.036	0.141	0.037
25:56:34	25.3	0.036	0.141	0.162	0.157	0.174	0.160	0.160	0.162	0.136	0.110	0.132	0.103	0.124	0.093	0.148	0.126	0.153	0.112	0.150	0.128	0.145	0.036	0.141	0.037
26:11:58	25.3	0.036	0.143	0.162	0.158	0.175	0.160	0.162	0.163	0.138	0.113	0.136	0.105	0.128	0.096	0.150	0.128	0.155	0.115	0.150	0.130	0.146	0.036	0.143	0.037
26:27:23	25.3	0.036	0.143	0.164	0.159	0.177	0.163	0.164	0.165	0.140	0.117	0.132	0.109	0.128	0.098	0.151	0.130	0.156	0.118	0.152	0.132	0.148	0.036	0.144	0.037
26:42:47	25.3	0.036	0.145	0.165	0.160	0.178	0.163	0.166	0.166	0.141	0.118	0.134	0.112	0.129	0.100	0.152	0.132	0.157	0.120	0.154	0.135	0.149	0.036	0.145	0.037
26:58:12	25.3	0.036	0.146	0.166	0.162	0.179	0.166	0.167	0.167	0.140	0.120	0.135	0.114	0.131	0.103	0.153	0.134	0.158	0.122	0.155	0.136	0.150	0.036	0.146	0.037
27:13:37	25.3	0.036	0.149	0.167	0.163	0.181	0.167	0.169	0.168	0.143	0.122	0.138	0.117	0.134	0.105	0.154	0.137	0.159	0.124	0.157	0.139	0.150	0.036	0.147	0.037
27:29:02	25.3	0.036	0.150	0.170	0.166	0.182	0.167	0.171	0.170	0.143	0.124	0.140	0.119	0.136	0.108	0.155	0.139	0.160	0.126	0.159	0.141	0.152	0.036	0.149	0.037
27:44:26	25.3	0.036	0.152	0.171	0.168	0.183	0.169	0.172	0.171	0.144	0.127	0.140	0.121	0.137	0.110	0.156	0.141	0.161	0.129	0.160	0.144	0.153	0.036	0.150	0.037
27:59:51	25.3	0.036	0.154	0.172	0.168	0.184	0.171	0.174	0.172	0.145	0.129	0.141	0.123	0.138	0.113	0.158	0.143	0.162	0.131	0.162	0.146	0.154	0.036	0.150	0.037
28:15:16	25.3	0.036	0.156	0.173	0.169	0.185	0.170	0.175	0.173	0.146	0.131	0.142	0.126	0.141	0.114	0.159	0.145	0.163	0.133	0.163	0.148	0.155	0.036	0.152	0.037
28:30:41	25.2	0.036	0.156	0.174	0.170	0.186	0.173	0.176	0.175	0.147	0.134	0.143	0.128	0.141	0.116	0.160	0.147	0.165	0.136	0.165	0.151	0.156	0.036	0.152	0.037
28:46:05	25.2	0.036	0.156	0.175	0.171	0.187	0.173	0.177	0.176	0.148	0.136	0.143	0.130	0.142	0.118	0.161	0.149	0.166	0.138	0.166	0.153	0.156	0.036	0.153	0.037
29:01:30	25.2	0.036	0.157	0.175	0.172	0.189	0.176	0.178	0.178	0.149	0.139	0.144	0.133	0.143	0.120	0.161	0.151	0.166	0.140	0.167	0.156	0.156	0.036	0.154	0.037
29:16:55	25.2	0.036	0.158	0.178	0.174	0.190	0.175	0.179	0.179	0.149	0.141	0.145	0.136	0.145	0.122	0.163	0.154	0.167	0.143	0.168	0.158	0.158	0.036	0.155	0.037
29:32:19	25.2	0.036	0.160	0.180	0.174	0.191	0.176	0.180	0.180	0.151	0.143	0.145	0.137	0.145	0.124	0.164	0.156	0.169	0.145	0.169	0.161	0.159	0.036	0.157	0.037
29:47:44	25.2	0.036	0.160	0.181	0.175	0.191	0.174	0.181	0.182	0.151	0.146	0.146	0.141	0.147	0.126	0.165	0.158	0.169	0.148	0.171	0.163	0.161	0.036	0.157	0.037
30:03:09	25.2	0.036	0.161	0.183	0.176	0.192	0.174	0.181	0.183	0.152	0.149	0.146	0.142	0.147	0.129	0.165	0.160	0.171	0.151	0.172	0.165	0.161	0.036	0.159	0.036
30:18:34	25.2	0.036	0.161	0.185	0.178	0.193	0.174	0.182	0.184	0.152	0.150	0.147	0.145	0.148	0.131	0.166	0.163	0.171	0.152	0.172	0.167	0.161	0.036	0.158	0.036
30:33:58	25.2	0.036	0.161	0.185	0.178	0.195	0.175	0.182	0.184	0.154	0.154	0.147	0.147	0.150	0.133	0.167	0.164	0.172	0.154	0.174	0.170	0.163	0.036	0.160	0.036
30:49:23	25.2	0.036	0.161	0.186	0.179	0.195	0.173	0.182	0.185	0.154	0.156	0.148	0.150	0.149	0.135	0.169	0.166	0.173	0.157	0.174	0.172	0.163	0.036	0.160	0.036
31:04:48	25.2	0.036	0.163	0.189	0.180	0.196	0.172	0.183	0.187	0.154	0.158	0.150	0.153	0.151	0.137	0.169	0.167	0.174	0.160	0.174	0.175	0.164	0.036	0.161	0.036
31:20:13	25.2	0.036	0.163	0.189	0.181	0.197	0.174	0.183	0.188	0.155	0.161	0.150	0.155	0.151	0.140	0.169	0.169	0.175	0.162	0.175	0.178	0.165	0.036	0.162	0.036
31:35:37	25.2	0.036	0.164	0.188	0.182	0.198	0.178	0.184	0.189	0.155	0.162	0.151	0.157	0.152	0.142	0.170	0.171	0.176	0.164	0.175	0.180	0.166	0.036	0.162	0.036
31:51:02	25.2	0.036	0.163	0.192	0.184	0.199	0.175	0.184	0.190	0.156	0.164	0.152	0.160	0.153	0.144	0.171	0.172	0.177	0.166	0.176	0.181	0.166	0.036	0.162	0.036
32:06:27	25.2	0.036	0.167	0.191	0.185	0.199	0.173	0.186	0.192	0.155	0.166	0.152	0.161	0.154	0.146	0.172	0.173	0.177	0.169	0.176	0.184	0.168	0.036	0.164	0.036
32:21:52	25.2	0.035	0.164	0.191	0.185	0.201	0.174	0.186	0.194	0.157	0.168	0.153	0.164	0.154	0.148	0.172	0.174	0.178	0.171	0.177	0.186	0.168	0.036	0.164	0.036
32:37:17	25.2	0.035	0.166	0.192	0.186	0.202	0.173	0.186	0.194	0.157	0.170	0.153	0.167	0.155	0.150	0.173	0.176	0.179	0.172	0.177	0.187	0.168	0.036	0.164	0.036
32:52:41	25.2	0.035	0.166	0.194	0.188	0.202	0.174	0.187	0.194	0.157	0.171	0.154	0.168	0.155	0.152	0.174	0.177	0.180	0.174	0.178	0.189	0.170	0.036	0.165	0.036
33:08:06	25.2	0.035	0.167	0.194	0.188	0.203	0.179	0.187	0.196	0.158	0.172	0.155	0.171	0.155	0.154	0.175	0.178	0.181	0.176	0.178	0.190	0.170	0.036	0.166	0.036
33:23:31	25.2	0.035	0.169	0.195	0.189	0.204	0.176	0.187	0.194	0.158	0.173	0.155	0.173	0.155	0.155	0.175	0.179	0.182	0.177	0.179	0.191	0.171	0.036	0.166	0.036
33:38:55	25.2	0.035	0.171	0.196	0.191	0.204	0.177	0.187	0.199	0.158	0.176	0.156	0.173	0.155	0.157	0.177	0.180	0.183	0.179	0.179	0.192	0.172	0.036	0.167	0.036
33:54:20	25.2	0.035	0.170	0.196	0.191	0.206	0.179	0.187	0.199	0.159	0.178	0.156	0.175	0.156	0.158	0.177	0.181	0.184	0.181	0.181	0.194	0.172	0.036	0.167	0.036
34:09:45	25.2	0.035	0.172	0.197	0.193	0.206	0.180	0.189	0.199	0.159	0.178	0.157	0.178	0.155	0.159	0.178	0.182	0.184	0.181	0.181	0.195	0.173	0.036	0.168	0.036
34:25:10	25.2	0.035	0.171	0.199	0.194	0.207	0.181	0.188	0.199	0.161	0.179	0.156	0.180	0.155	0.162	0.179	0.184	0.185	0.183	0.181	0.197	0.173	0.036	0.168	0.036
34:40:34	25.2	0.035	0.171	0.199	0.195	0.208	0.183	0.189	0.198	0.162	0.182	0.157	0.183	0.156	0.163	0.180	0.185	0.187	0.184	0.181	0.197	0.174	0.036	0.169	0.036
34:55:59	25.2	0.035	0.172	0.200	0.194	0.209	0.188	0.187	0.198	0.161	0.183	0.157	0.184	0.156	0.164	0.180	0.185	0.187	0.186	0.182	0.198	0.175	0.036	0.170	0.036
35:11:24	25.2	0.035	0.173	0.201	0.196	0.211	0.189	0.189	0.197	0.162	0.184	0.157	0.185	0.156	0.165	0.182	0.187	0.188	0.186	0.182	0.199	0.176	0.036	0.170	0.036
