Time	Temp_C	blank_water_1	L2J2-100_1	L2B1-100_2	L2J3-100_2	L2B1-100_3	L2J3-100_3	L2B1-100_1	L2J3-100_1	L2B2-100_2	L2J4-200_2	L2B2-100_3	L2J4-200_3	L2B2-100_1	L2J4-200_1	L2J1-100_2	L2J5-200_2	L2J1-100_3	L2J5-200_3	L2J1-100_1	L2J5-200_1	L2J2-100_2	blank_media_1	L2J2-100_3	blank_water_2
0:14:49	25.0	0.037	0.037	0.035	0.042	0.037	0.040	0.036	0.041	0.038	0.039	0.037	0.038	0.036	0.037	0.042	0.044	0.039	0.043	0.040	0.043	0.037	0.034	0.039	0.037
0:29:49	25.1	0.037	0.038	0.035	0.043	0.037	0.041	0.037	0.042	0.038	0.039	0.037	0.038	0.037	0.038	0.042	0.045	0.039	0.044	0.041	0.044	0.038	0.034	0.039	0.037
0:44:49	25.1	0.037	0.039	0.036	0.044	0.037	0.042	0.037	0.043	0.038	0.039	0.038	0.039	0.038	0.038	0.044	0.046	0.040	0.046	0.042	0.046	0.038	0.034	0.039	0.037
0:59:49	25.1	0.036	0.038	0.036	0.046	0.037	0.043	0.037	0.044	0.038	0.040	0.040	0.039	0.038	0.038	0.044	0.048	0.040	0.048	0.042	0.047	0.038	0.034	0.039	0.037
1:14:49	25.1	0.037	0.039	0.036	0.048	0.038	0.045	0.037	0.046	0.039	0.041	0.038	0.040	0.038	0.039	0.045	0.050	0.041	0.050	0.043	0.049	0.038	0.034	0.039	0.038
1:29:49	25.1	0.037	0.039	0.036	0.049	0.038	0.046	0.037	0.047	0.039	0.041	0.039	0.040	0.039	0.040	0.046	0.052	0.042	0.053	0.044	0.051	0.038	0.034	0.039	0.037
1:44:49	25.1	0.036	0.039	0.036	0.051	0.038	0.047	0.038	0.049	0.040	0.042	0.039	0.041	0.040	0.041	0.047	0.054	0.043	0.055	0.045	0.053	0.038	0.034	0.039	0.037
1:59:49	25.1	0.037	0.039	0.037	0.054	0.038	0.050	0.038	0.051	0.041	0.043	0.040	0.041	0.041	0.041	0.049	0.057	0.044	0.059	0.047	0.056	0.038	0.034	0.039	0.037
2:14:49	25.1	0.037	0.039	0.037	0.057	0.038	0.052	0.038	0.053	0.042	0.043	0.041	0.042	0.041	0.042	0.050	0.060	0.044	0.062	0.048	0.059	0.038	0.034	0.039	0.037
2:29:49	25.1	0.036	0.039	0.038	0.060	0.039	0.054	0.039	0.056	0.043	0.045	0.042	0.043	0.042	0.043	0.052	0.064	0.046	0.067	0.050	0.063	0.039	0.034	0.040	0.037
2:44:49	25.1	0.037	0.039	0.039	0.063	0.039	0.057	0.039	0.059	0.044	0.046	0.043	0.045	0.043	0.045	0.054	0.068	0.048	0.072	0.052	0.067	0.039	0.034	0.040	0.038
2:59:49	25.1	0.037	0.039	0.039	0.067	0.040	0.060	0.040	0.063	0.046	0.048	0.044	0.046	0.043	0.046	0.056	0.073	0.049	0.077	0.053	0.071	0.039	0.034	0.040	0.037
3:14:49	25.1	0.037	0.039	0.040	0.072	0.041	0.064	0.041	0.068	0.047	0.049	0.046	0.047	0.044	0.048	0.059	0.079	0.051	0.083	0.057	0.077	0.039	0.034	0.040	0.037
3:29:49	25.1	0.037	0.040	0.042	0.078	0.042	0.069	0.042	0.073	0.048	0.052	0.049	0.050	0.047	0.050	0.061	0.086	0.053	0.092	0.059	0.083	0.039	0.034	0.040	0.037
3:44:49	25.1	0.037	0.040	0.043	0.085	0.046	0.075	0.043	0.079	0.050	0.054	0.051	0.051	0.049	0.052	0.065	0.093	0.055	0.100	0.062	0.090	0.039	0.034	0.040	0.038
3:59:49	25.1	0.037	0.040	0.045	0.092	0.044	0.081	0.044	0.086	0.053	0.057	0.053	0.054	0.051	0.055	0.068	0.102	0.058	0.110	0.066	0.099	0.039	0.034	0.040	0.038
4:14:49	25.1	0.037	0.040	0.047	0.102	0.045	0.088	0.046	0.094	0.057	0.060	0.057	0.057	0.055	0.057	0.072	0.112	0.062	0.122	0.070	0.108	0.040	0.034	0.040	0.037
4:29:49	25.1	0.037	0.040	0.049	0.112	0.047	0.097	0.048	0.104	0.061	0.064	0.062	0.060	0.058	0.061	0.075	0.124	0.063	0.136	0.074	0.120	0.040	0.034	0.041	0.037
4:44:49	25.1	0.036	0.040	0.053	0.124	0.050	0.107	0.050	0.114	0.066	0.068	0.068	0.063	0.062	0.065	0.085	0.138	0.069	0.153	0.078	0.133	0.040	0.034	0.041	0.037
4:59:49	25.1	0.036	0.041	0.057	0.138	0.053	0.120	0.053	0.128	0.073	0.074	0.075	0.068	0.067	0.070	0.094	0.154	0.072	0.172	0.085	0.148	0.040	0.034	0.041	0.037
5:14:49	25.1	0.036	0.041	0.063	0.155	0.057	0.133	0.059	0.143	0.081	0.080	0.084	0.073	0.074	0.075	0.094	0.173	0.080	0.195	0.091	0.167	0.041	0.034	0.041	0.037
5:29:49	25.1	0.037	0.042	0.070	0.174	0.062	0.150	0.062	0.161	0.089	0.087	0.093	0.079	0.081	0.081	0.114	0.196	0.086	0.222	0.097	0.188	0.041	0.035	0.042	0.037
5:44:49	25.1	0.037	0.042	0.079	0.198	0.068	0.171	0.068	0.181	0.096	0.096	0.102	0.085	0.087	0.088	0.118	0.223	0.090	0.252	0.106	0.211	0.041	0.034	0.042	0.037
5:59:49	25.0	0.036	0.042	0.086	0.225	0.076	0.194	0.077	0.209	0.107	0.105	0.112	0.093	0.094	0.097	0.110	0.254	0.102	0.288	0.109	0.239	0.041	0.035	0.042	0.037
6:14:49	25.1	0.037	0.042	0.094	0.258	0.086	0.222	0.084	0.233	0.118	0.117	0.121	0.102	0.103	0.106	0.135	0.288	0.100	0.326	0.115	0.271	0.042	0.035	0.042	0.037
6:29:49	25.1	0.037	0.043	0.105	0.292	0.093	0.253	0.090	0.270	0.129	0.130	0.130	0.113	0.111	0.117	0.152	0.325	0.116	0.362	0.127	0.309	0.042	0.034	0.043	0.037
6:44:49	25.1	0.037	0.044	0.117	0.330	0.104	0.284	0.101	0.305	0.141	0.145	0.140	0.125	0.119	0.130	0.164	0.361	0.113	0.396	0.165	0.343	0.043	0.035	0.043	0.037
6:59:49	25.1	0.036	0.044	0.129	0.364	0.118	0.318	0.114	0.343	0.147	0.161	0.150	0.140	0.129	0.144	0.188	0.394	0.134	0.426	0.156	0.378	0.043	0.034	0.043	0.037
7:14:49	25.1	0.037	0.045	0.141	0.397	0.128	0.354	0.128	0.376	0.159	0.182	0.155	0.155	0.138	0.161	0.217	0.423	0.163	0.454	0.234	0.412	0.044	0.035	0.044	0.037
7:29:49	25.1	0.036	0.044	0.150	0.425	0.140	0.382	0.141	0.406	0.166	0.203	0.160	0.172	0.148	0.180	0.234	0.447	0.185	0.476	0.218	0.443	0.046	0.035	0.044	0.037
7:44:49	25.1	0.036	0.045	0.159	0.444	0.150	0.416	0.155	0.430	0.166	0.230	0.160	0.194	0.152	0.201	0.271	0.470	0.197	0.500	0.247	0.465	0.045	0.034	0.045	0.037
7:59:49	25.1	0.037	0.046	0.167	0.467	0.159	0.438	0.163	0.455	0.166	0.259	0.160	0.217	0.153	0.227	0.300	0.494	0.229	0.523	0.271	0.486	0.046	0.035	0.046	0.037
8:14:49	25.1	0.036	0.047	0.171	0.490	0.167	0.458	0.169	0.478	0.165	0.287	0.159	0.245	0.153	0.252	0.323	0.515	0.312	0.544	0.305	0.508	0.046	0.035	0.046	0.037
8:29:49	25.1	0.036	0.046	0.175	0.512	0.166	0.481	0.174	0.499	0.164	0.322	0.159	0.273	0.155	0.283	0.350	0.535	0.294	0.564	0.325	0.528	0.050	0.035	0.046	0.037
8:44:49	25.2	0.036	0.050	0.174	0.534	0.163	0.501	0.174	0.522	0.163	0.352	0.158	0.302	0.154	0.317	0.389	0.555	0.323	0.584	0.352	0.551	0.047	0.035	0.047	0.037
8:59:49	25.2	0.036	0.054	0.176	0.553	0.162	0.519	0.175	0.542	0.162	0.386	0.158	0.332	0.155	0.348	0.409	0.573	0.347	0.604	0.379	0.571	0.047	0.035	0.048	0.037
9:14:49	25.1	0.037	0.052	0.177	0.574	0.162	0.537	0.174	0.559	0.161	0.413	0.157	0.362	0.155	0.378	0.418	0.593	0.369	0.623	0.410	0.588	0.050	0.035	0.049	0.037
9:29:49	25.2	0.036	0.049	0.177	0.592	0.163	0.560	0.173	0.579	0.161	0.436	0.157	0.388	0.158	0.402	0.428	0.612	0.412	0.640	0.426	0.603	0.052	0.035	0.050	0.037
9:44:49	25.2	0.036	0.052	0.180	0.610	0.163	0.580	0.174	0.601	0.160	0.462	0.155	0.409	0.156	0.424	0.449	0.632	0.428	0.658	0.438	0.625	0.052	0.035	0.051	0.037
9:59:49	25.2	0.036	0.051	0.179	0.628	0.164	0.595	0.176	0.618	0.159	0.484	0.155	0.433	0.156	0.448	0.451	0.652	0.446	0.678	0.450	0.639	0.055	0.035	0.052	0.037
10:14:49	25.2	0.036	0.055	0.183	0.646	0.166	0.610	0.176	0.639	0.158	0.507	0.155	0.454	0.161	0.468	0.472	0.671	0.446	0.691	0.468	0.659	0.058	0.035	0.055	0.037
10:29:49	25.2	0.037	0.060	0.184	0.664	0.166	0.626	0.176	0.654	0.156	0.530	0.154	0.474	0.154	0.486	0.514	0.691	0.460	0.706	0.476	0.673	0.062	0.035	0.055	0.037
10:44:49	25.2	0.036	0.059	0.181	0.683	0.168	0.643	0.177	0.669	0.157	0.550	0.152	0.495	0.157	0.508	0.495	0.708	0.481	0.724	0.500	0.697	0.059	0.035	0.056	0.037
10:59:49	25.2	0.036	0.058	0.182	0.702	0.169	0.662	0.176	0.688	0.153	0.572	0.150	0.514	0.156	0.527	0.504	0.724	0.483	0.739	0.506	0.705	0.061	0.035	0.061	0.037
11:14:49	25.2	0.036	0.058	0.181	0.719	0.169	0.680	0.176	0.704	0.154	0.591	0.150	0.533	0.153	0.549	0.504	0.741	0.509	0.750	0.518	0.724	0.063	0.035	0.059	0.037
11:29:49	25.2	0.036	0.060	0.181	0.737	0.169	0.697	0.177	0.724	0.153	0.611	0.149	0.552	0.155	0.567	0.525	0.757	0.503	0.767	0.523	0.732	0.068	0.035	0.061	0.037
11:44:49	25.2	0.036	0.065	0.180	0.751	0.168	0.717	0.176	0.737	0.151	0.630	0.149	0.572	0.151	0.589	0.526	0.772	0.509	0.778	0.536	0.750	0.069	0.035	0.068	0.037
11:59:49	25.2	0.036	0.066	0.182	0.768	0.169	0.734	0.177	0.757	0.151	0.649	0.147	0.590	0.152	0.607	0.535	0.787	0.527	0.791	0.540	0.760	0.073	0.035	0.070	0.037
12:14:49	25.2	0.036	0.069	0.181	0.782	0.169	0.750	0.176	0.772	0.150	0.673	0.147	0.608	0.156	0.628	0.559	0.803	0.522	0.807	0.548	0.777	0.080	0.035	0.072	0.037
12:29:49	25.2	0.036	0.072	0.182	0.800	0.170	0.766	0.177	0.791	0.150	0.691	0.147	0.627	0.154	0.646	0.609	0.817	0.543	0.819	0.553	0.789	0.082	0.035	0.074	0.037
12:44:49	25.2	0.036	0.075	0.184	0.813	0.172	0.780	0.176	0.804	0.148	0.712	0.147	0.646	0.154	0.663	0.609	0.831	0.547	0.832	0.546	0.802	0.088	0.035	0.082	0.037
12:59:49	25.2	0.036	0.078	0.183	0.830	0.171	0.797	0.175	0.822	0.147	0.730	0.145	0.660	0.153	0.683	0.613	0.845	0.566	0.845	0.541	0.815	0.090	0.035	0.083	0.037
13:14:49	25.2	0.036	0.086	0.184	0.844	0.172	0.813	0.175	0.836	0.149	0.750	0.146	0.684	0.152	0.701	0.609	0.859	0.570	0.858	0.570	0.827	0.094	0.035	0.087	0.037
13:29:49	25.2	0.036	0.091	0.183	0.859	0.173	0.826	0.174	0.851	0.148	0.770	0.145	0.700	0.152	0.719	0.636	0.873	0.589	0.870	0.572	0.838	0.106	0.035	0.092	0.037
13:44:49	25.2	0.036	0.096	0.188	0.873	0.174	0.839	0.176	0.864	0.145	0.792	0.145	0.719	0.155	0.738	0.635	0.886	0.607	0.882	0.571	0.848	0.111	0.035	0.102	0.037
13:59:49	25.2	0.036	0.101	0.185	0.886	0.175	0.854	0.176	0.878	0.146	0.810	0.145	0.737	0.149	0.757	0.640	0.900	0.608	0.894	0.583	0.860	0.114	0.035	0.104	0.037
14:14:49	25.2	0.036	0.125	0.188	0.901	0.176	0.868	0.178	0.895	0.148	0.828	0.145	0.756	0.150	0.773	0.677	0.913	0.625	0.906	0.572	0.872	0.124	0.035	0.113	0.037
14:29:49	25.2	0.036	0.134	0.189	0.914	0.178	0.883	0.177	0.909	0.147	0.846	0.143	0.773	0.151	0.793	0.681	0.925	0.665	0.919	0.619	0.884	0.131	0.035	0.116	0.037
14:44:49	25.2	0.036	0.134	0.190	0.927	0.178	0.898	0.180	0.923	0.146	0.865	0.143	0.789	0.149	0.810	0.683	0.938	0.664	0.928	0.606	0.895	0.140	0.035	0.129	0.037
14:59:49	25.2	0.036	0.145	0.192	0.940	0.182	0.910	0.178	0.936	0.144	0.883	0.143	0.804	0.155	0.827	0.730	0.950	0.672	0.942	0.599	0.907	0.159	0.035	0.136	0.037
15:14:49	25.2	0.036	0.154	0.193	0.953	0.181	0.922	0.182	0.947	0.146	0.903	0.144	0.823	0.154	0.845	0.705	0.963	0.695	0.954	0.576	0.917	0.165	0.035	0.151	0.037
15:29:49	25.2	0.036	0.171	0.196	0.965	0.183	0.934	0.181	0.962	0.144	0.920	0.143	0.838	0.153	0.860	0.672	0.973	0.683	0.961	0.581	0.929	0.179	0.035	0.162	0.037
15:44:49	25.2	0.036	0.194	0.196	0.979	0.185	0.946	0.181	0.969	0.147	0.937	0.145	0.856	0.155	0.878	0.693	0.984	0.676	0.975	0.522	0.939	0.191	0.035	0.178	0.037
15:59:49	25.2	0.036	0.205	0.197	0.988	0.186	0.958	0.182	0.988	0.146	0.958	0.147	0.871	0.156	0.892	0.654	0.995	0.681	0.988	0.538	0.951	0.210	0.035	0.184	0.038
16:14:49	25.2	0.036	0.232	0.199	1.000	0.188	0.968	0.182	0.998	0.147	0.973	0.146	0.888	0.156	0.909	0.662	1.005	0.659	0.999	0.574	0.965	0.229	0.035	0.202	0.037
16:29:49	25.2	0.036	0.236	0.203	1.009	0.191	0.981	0.184	1.008	0.148	0.988	0.146	0.905	0.156	0.923	0.649	1.009	0.609	1.003	0.565	0.975	0.252	0.035	0.219	0.038
16:44:49	25.2	0.036	0.267	0.203	1.010	0.190	0.991	0.184	1.016	0.148	1.005	0.149	0.921	0.161	0.941	0.689	1.011	0.631	1.001	0.597	0.985	0.269	0.035	0.237	0.038
16:59:49	25.2	0.036	0.278	0.204	1.012	0.192	1.003	0.185	1.025	0.151	1.023	0.150	0.937	0.154	0.954	0.617	1.012	0.588	1.005	0.555	0.994	0.293	0.035	0.255	0.038
17:14:49	25.2	0.036	0.318	0.206	1.013	0.193	1.008	0.186	1.022	0.153	1.036	0.153	0.949	0.158	0.970	0.608	1.012	0.605	1.004	0.549	0.997	0.320	0.035	0.275	0.038
17:29:49	25.2	0.036	0.334	0.206	1.016	0.195	1.009	0.186	1.029	0.152	1.051	0.152	0.964	0.161	0.986	0.621	1.011	0.556	1.003	0.555	0.996	0.342	0.035	0.294	0.038
17:44:49	25.2	0.036	0.349	0.209	1.014	0.197	1.010	0.184	1.025	0.155	1.059	0.156	0.980	0.159	1.000	0.661	1.011	0.560	1.005	0.520	0.996	0.366	0.035	0.319	0.038
17:59:49	25.2	0.036	0.387	0.208	1.012	0.197	1.013	0.185	1.027	0.162	1.065	0.158	0.995	0.156	1.014	0.620	1.009	0.581	1.000	0.667	0.995	0.391	0.035	0.336	0.039
18:14:49	25.2	0.036	0.395	0.212	1.014	0.201	1.010	0.185	1.024	0.159	1.071	0.161	1.004	0.158	1.026	0.644	1.007	0.566	1.003	1.172	0.994	0.415	0.035	0.355	0.039
18:29:49	25.2	0.036	0.419	0.214	1.015	0.203	1.009	0.184	1.028	0.163	1.080	0.164	1.020	0.159	1.035	0.605	1.006	0.625	0.997	0.909	0.993	0.436	0.035	0.374	0.039
18:44:49	25.2	0.036	0.419	0.213	1.015	0.203	1.009	0.185	1.024	0.167	1.086	0.168	1.026	0.164	1.039	0.861	1.004	0.612	0.999	0.728	0.990	0.458	0.035	0.396	0.040
18:59:49	25.2	0.036	0.437	0.212	1.016	0.206	1.009	0.184	1.024	0.173	1.095	0.173	1.027	0.167	1.042	0.635	1.003	0.671	0.995	0.904	0.988	0.475	0.035	0.410	0.040
19:14:49	25.2	0.036	0.450	0.217	1.017	0.207	1.010	0.183	1.029	0.177	1.099	0.178	1.027	0.166	1.043	0.665	1.002	0.631	0.994	0.765	0.986	0.491	0.035	0.427	0.041
19:29:49	25.2	0.036	0.462	0.215	1.018	0.209	1.010	0.182	1.032	0.182	1.103	0.184	1.033	0.173	1.047	0.829	1.000	0.628	0.993	0.729	0.987	0.506	0.035	0.443	0.041
19:44:49	25.2	0.036	0.480	0.220	1.019	0.211	1.010	0.184	1.026	0.192	1.106	0.197	1.034	0.178	1.051	0.724	0.999	0.671	0.990	0.616	0.983	0.521	0.035	0.454	0.042
19:59:49	25.2	0.036	0.494	0.219	1.019	0.216	1.009	0.186	1.030	0.202	1.107	0.202	1.039	0.178	1.053	1.140	0.996	0.669	0.987	0.682	0.980	0.538	0.035	0.472	0.043
20:14:49	25.2	0.036	0.510	0.225	1.017	0.217	1.013	0.186	1.029	0.206	1.110	0.211	1.040	0.185	1.053	1.028	0.994	0.671	0.986	1.153	0.980	0.547	0.035	0.487	0.044
20:29:49	25.2	0.036	0.527	0.225	1.017	0.221	1.009	0.188	1.034	0.218	1.111	0.225	1.043	0.186	1.057	0.697	0.990	0.687	0.983	1.078	0.975	0.563	0.035	0.499	0.045
20:44:49	25.2	0.036	0.521	0.230	1.016	0.224	1.009	0.189	1.026	0.226	1.112	0.234	1.044	0.195	1.059	0.839	0.987	0.675	0.976	1.325	0.972	0.576	0.035	0.516	0.047
20:59:49	25.2	0.036	0.553	0.229	1.017	0.228	1.008	0.190	1.025	0.235	1.114	0.243	1.048	0.196	1.061	0.831	0.984	0.687	0.977	1.248	0.976	0.585	0.035	0.527	0.047
21:14:49	25.2	0.036	0.560	0.233	1.018	0.230	1.008	0.191	1.023	0.248	1.114	0.254	1.048	0.208	1.060	0.747	0.980	0.700	0.971	0.719	0.967	0.601	0.035	0.540	0.050
21:29:49	25.2	0.036	0.558	0.230	1.014	0.231	1.007	0.192	1.021	0.262	1.115	0.266	1.049	0.213	1.062	0.905	0.977	0.667	0.966	1.320	0.964	0.608	0.035	0.553	0.052
21:44:49	25.2	0.036	0.552	0.236	1.013	0.235	1.006	0.193	1.019	0.269	1.115	0.276	1.049	0.223	1.063	0.705	0.973	0.691	0.963	0.740	0.955	0.617	0.035	0.564	0.055
21:59:49	25.2	0.036	0.564	0.239	1.008	0.236	1.005	0.194	1.021	0.275	1.114	0.284	1.051	0.225	1.062	0.669	0.970	0.669	0.958	1.128	0.951	0.625	0.035	0.575	0.063
22:14:49	25.2	0.036	0.583	0.236	1.005	0.241	1.000	0.197	1.012	0.286	1.114	0.288	1.050	0.236	1.059	0.610	0.966	0.651	0.954	0.958	0.949	0.631	0.035	0.586	0.084
22:29:49	25.2	0.036	0.616	0.241	1.005	0.244	0.999	0.201	1.017	0.289	1.115	0.297	1.050	0.245	1.057	0.617	0.962	0.637	0.952	1.176	0.945	0.637	0.035	0.596	0.065
22:44:49	25.2	0.036	0.612	0.241	1.002	0.247	0.997	0.200	1.013	0.297	1.114	0.304	1.049	0.252	1.058	0.590	0.959	0.660	0.948	1.451	0.939	0.646	0.035	0.610	0.072
22:59:49	25.2	0.036	0.614	0.241	1.002	0.247	0.994	0.201	1.006	0.302	1.113	0.310	1.045	0.263	1.054	0.676	0.957	0.647	0.939	0.825	0.946	0.654	0.035	0.617	0.076
23:14:49	25.2	0.036	0.622	0.246	0.996	0.251	0.990	0.203	1.008	0.308	1.112	0.311	1.045	0.271	1.052	0.658	0.953	0.679	0.939	0.927	0.942	0.663	0.035	0.633	0.082
23:29:49	25.2	0.036	0.593	0.247	0.995	0.254	0.988	0.205	1.004	0.310	1.112	0.314	1.041	0.275	1.050	0.698	0.951	0.693	0.935	1.038	0.939	0.678	0.035	0.641	0.089
23:44:49	25.2	0.036	0.599	0.251	0.993	0.259	0.985	0.206	1.001	0.314	1.112	0.325	1.039	0.280	1.046	0.673	0.947	0.682	0.932	1.012	0.934	0.681	0.035	0.653	0.098
23:59:49	25.2	0.036	0.585	0.256	0.992	0.267	0.982	0.209	0.999	0.318	1.111	0.326	1.039	0.282	1.045	0.655	0.946	0.724	0.929	0.774	0.930	0.695	0.035	0.661	0.112
24:14:49	25.2	0.036	0.602	0.260	0.991	0.274	0.978	0.210	0.999	0.321	1.110	0.326	1.037	0.288	1.042	0.638	0.945	0.932	0.928	0.757	0.921	0.715	0.035	0.666	0.125
24:29:49	25.1	0.036	0.577	0.266	0.988	0.279	0.976	0.212	0.994	0.326	1.107	0.330	1.032	0.294	1.041	0.703	0.943	0.798	0.924	0.920	0.920	0.722	0.035	0.671	0.138
24:44:49	25.1	0.036	0.596	0.274	0.987	0.290	0.972	0.209	0.995	0.325	1.106	0.331	1.031	0.299	1.037	0.677	0.940	1.028	0.914	0.834	0.912	0.743	0.035	0.674	0.153
24:59:49	25.1	0.036	0.570	0.282	0.983	0.301	0.971	0.209	0.988	0.325	1.104	0.328	1.028	0.299	1.036	1.127	0.937	0.787	0.911	1.034	0.908	0.737	0.035	0.689	0.186
25:14:49	25.1	0.036	0.577	0.289	0.981	0.306	0.966	0.210	0.989	0.325	1.103	0.333	1.029	0.296	1.034	0.945	0.934	1.258	0.908	1.198	0.905	0.727	0.035	0.693	0.210
25:29:49	25.1	0.036	0.597	0.299	0.980	0.318	0.961	0.210	0.983	0.325	1.098	0.330	1.023	0.299	1.031	0.741	0.931	0.816	0.905	1.039	0.903	0.749	0.035	0.705	0.241
25:44:49	25.1	0.036	0.558	0.307	0.979	0.321	0.961	0.210	0.979	0.322	1.097	0.332	1.023	0.298	1.028	1.445	0.928	0.638	0.903	0.915	0.900	0.742	0.035	0.724	0.275
25:59:49	25.1	0.036	0.580	0.314	0.975	0.324	0.965	0.212	0.979	0.323	1.094	0.333	1.021	0.304	1.026	1.335	0.925	1.170	0.900	1.049	0.899	0.724	0.035	0.724	0.305
26:14:49	25.1	0.036	0.569	0.315	0.976	0.329	0.958	0.212	0.980	0.319	1.092	0.330	1.016	0.305	1.023	0.897	0.920	0.749	0.893	0.757	0.897	0.725	0.035	0.714	0.338
26:29:49	25.1	0.036	0.613	0.319	0.975	0.331	0.957	0.211	0.974	0.322	1.089	0.329	1.017	0.299	1.021	1.182	0.916	1.087	0.892	0.952	0.893	0.700	0.035	0.726	0.362
26:44:49	25.1	0.036	0.606	0.317	0.971	0.331	0.956	0.214	0.985	0.318	1.088	0.327	1.018	0.300	1.020	0.820	0.912	1.152	0.894	0.830	0.891	0.687	0.035	0.735	0.391
26:59:49	25.1	0.036	0.609	0.319	0.972	0.330	0.954	0.215	0.979	0.317	1.086	0.326	1.013	0.304	1.016	0.836	0.908	1.364	0.888	0.778	0.887	0.677	0.035	0.721	0.419
27:14:49	25.1	0.036	0.637	0.318	0.968	0.329	0.954	0.214	0.964	0.316	1.083	0.326	1.013	0.308	1.014	1.035	0.904	0.709	0.883	0.991	0.887	0.678	0.035	0.727	0.435
27:29:49	25.1	0.036	0.653	0.315	0.965	0.330	0.950	0.215	0.963	0.316	1.080	0.325	1.008	0.306	1.012	1.531	0.902	0.807	0.881	0.881	0.884	0.691	0.035	0.712	0.452
27:44:49	25.1	0.036	0.648	0.316	0.963	0.327	0.952	0.221	0.970	0.313	1.077	0.321	1.006	0.310	1.010	1.172	0.898	0.990	0.880	0.963	0.884	0.674	0.035	0.737	0.470
27:59:49	25.1	0.036	0.645	0.311	0.963	0.326	0.949	0.223	0.962	0.316	1.075	0.321	1.005	0.306	1.008	0.628	0.897	0.775	0.876	0.879	0.882	0.656	0.035	0.718	0.486
28:14:49	25.1	0.036	0.650	0.312	0.961	0.325	0.945	0.228	0.961	0.314	1.072	0.320	1.002	0.303	1.006	0.752	0.895	0.647	0.875	1.065	0.880	0.670	0.035	0.738	0.503
28:29:49	25.1	0.036	0.659	0.310	0.959	0.322	0.941	0.230	0.961	0.312	1.069	0.319	1.000	0.303	1.005	0.653	0.893	1.234	0.875	1.003	0.878	0.641	0.035	0.746	0.511
28:44:49	25.1	0.036	0.682	0.307	0.959	0.321	0.939	0.234	0.954	0.315	1.066	0.321	0.996	0.307	1.003	0.875	0.891	0.604	0.874	0.731	0.875	0.627	0.035	0.729	0.523
28:59:49	25.1	0.036	0.702	0.305	0.957	0.316	0.937	0.239	0.957	0.312	1.063	0.318	0.994	0.302	1.000	0.689	0.888	1.393	0.869	0.685	0.872	0.634	0.035	0.707	0.534
29:14:49	25.1	0.036	0.629	0.303	0.956	0.315	0.936	0.245	0.953	0.311	1.061	0.318	0.993	0.300	0.998	0.988	0.886	0.606	0.871	0.885	0.869	0.589	0.035	0.745	0.540
29:29:49	25.1	0.035	0.721	0.301	0.953	0.311	0.933	0.249	0.951	0.309	1.057	0.314	0.991	0.298	0.995	1.383	0.884	0.621	0.867	0.692	0.868	0.568	0.035	0.739	0.553
29:44:49	25.1	0.036	0.631	0.298	0.953	0.309	0.931	0.251	0.947	0.309	1.055	0.316	0.988	0.293	0.993	1.035	0.882	1.325	0.865	1.321	0.865	0.552	0.035	0.722	0.555
29:59:49	25.1	0.036	0.599	0.295	0.949	0.307	0.929	0.256	0.948	0.308	1.052	0.315	0.986	0.296	0.989	0.670	0.880	0.743	0.863	0.967	0.864	0.505	0.035	0.765	0.566
30:14:49	25.1	0.035	0.691	0.294	0.950	0.303	0.928	0.253	0.945	0.311	1.049	0.314	0.983	0.298	0.987	0.661	0.877	1.270	0.862	0.831	0.862	0.481	0.035	0.697	0.571
30:29:49	25.1	0.035	0.710	0.292	0.948	0.300	0.927	0.256	0.942	0.310	1.047	0.316	0.982	0.295	0.984	0.884	0.875	0.959	0.860	1.159	0.859	0.475	0.035	0.765	0.572
30:44:49	25.1	0.036	0.629	0.289	0.947	0.299	0.926	0.249	0.936	0.307	1.043	0.312	0.978	0.291	0.981	0.988	0.873	0.795	0.861	0.784	0.858	0.465	0.035	0.806	0.573
30:59:49	25.1	0.036	0.577	0.286	0.944	0.296	0.925	0.252	0.937	0.307	1.040	0.313	0.976	0.291	0.980	1.200	0.870	0.739	0.860	1.129	0.852	0.458	0.035	0.804	0.583
31:14:49	25.2	0.036	0.675	0.284	0.943	0.292	0.924	0.249	0.938	0.308	1.036	0.313	0.977	0.289	0.978	0.662	0.868	0.743	0.858	0.733	0.851	0.416	0.035	0.766	0.583
31:29:49	25.2	0.036	0.680	0.282	0.942	0.290	0.922	0.244	0.929	0.309	1.031	0.311	0.975	0.288	0.974	0.728	0.866	0.668	0.853	0.659	0.846	0.390	0.035	0.754	0.593
31:44:49	25.2	0.036	0.698	0.278	0.939	0.289	0.922	0.248	0.936	0.304	1.027	0.309	0.973	0.286	0.971	0.661	0.864	0.895	0.855	0.744	0.840	0.379	0.035	0.637	0.602
31:59:49	25.2	0.036	0.662	0.278	0.938	0.286	0.913	0.241	0.923	0.304	1.024	0.309	0.970	0.284	0.969	0.919	0.860	1.079	0.854	1.056	0.837	0.348	0.035	0.821	0.614
32:14:49	25.2	0.036	0.577	0.276	0.934	0.282	0.911	0.242	0.926	0.303	1.018	0.310	0.969	0.277	0.966	0.666	0.859	0.645	0.851	0.743	0.832	0.305	0.035	0.657	0.745
32:29:49	25.2	0.036	0.710	0.274	0.934	0.280	0.909	0.237	0.924	0.304	1.013	0.310	0.967	0.285	0.964	0.726	0.857	0.735	0.849	0.754	0.829	0.287	0.035	0.618	0.628
32:44:49	25.2	0.035	0.590	0.271	0.931	0.278	0.907	0.236	0.924	0.304	1.008	0.309	0.965	0.275	0.961	0.751	0.855	1.042	0.848	1.018	0.825	0.299	0.035	0.648	0.620
32:59:49	25.2	0.035	0.664	0.269	0.929	0.276	0.905	0.233	0.914	0.302	1.003	0.309	0.963	0.277	0.959	0.683	0.853	1.207	0.845	0.703	0.820	0.283	0.035	0.636	0.658
33:14:49	25.2	0.035	0.636	0.267	0.924	0.273	0.904	0.235	0.914	0.300	0.997	0.307	0.960	0.274	0.956	0.759	0.852	0.948	0.844	0.871	0.817	0.265	0.034	0.843	0.606
33:29:49	25.2	0.036	0.532	0.266	0.922	0.272	0.903	0.231	0.913	0.303	0.993	0.309	0.959	0.279	0.952	0.691	0.848	0.906	0.839	0.822	0.816	0.567	0.034	0.747	0.636
33:44:49	25.3	0.035	0.578	0.265	0.921	0.270	0.902	0.224	0.905	0.300	0.988	0.307	0.954	0.267	0.950	1.255	0.846	0.945	0.836	0.802	0.812	0.586	0.034	0.580	0.536
33:59:49	25.3	0.036	0.543	0.261	0.916	0.268	0.895	0.224	0.903	0.299	0.982	0.307	0.955	0.267	0.948	0.712	0.842	0.670	0.831	0.757	0.809	0.296	0.034	0.618	0.506
34:14:49	25.3	0.036	0.647	0.259	0.915	0.268	0.892	0.221	0.898	0.300	0.978	0.305	0.951	0.269	0.945	0.666	0.839	0.986	0.824	0.757	0.804	0.284	0.034	0.664	0.666
