Time	Temp_C	blank_water_1	L0S4-100_1	L0S1-100_2	L0S5-100_2	L0S1-100_3	L0S5-100_3	L0S1-100_1	L0S5-100_1	L0S2-100_2	L1S3-100_2	L0S2-100_3	L1S3-100_3	L0S2-100_1	L1S3-100_1	L0S3-100_2	L1S4-100_2	L0S3-100_3	L1S4-100_3	L0S3-100_1	L1S4-100_1	L0S4-100_2	blank_media_1	L0S4-100_3	blank_water_2
0:00:00	24.9	0.036	0.049	0.047	0.055	0.048	0.045	0.044	0.043	0.045	0.041	0.042	0.042	0.043	0.042	0.048	0.042	0.045	0.040	0.042	0.041	0.047	0.034	0.045	0.037
0:15:24	25.2	0.036	0.049	0.045	0.046	0.048	0.047	0.045	0.045	0.047	0.042	0.045	0.042	0.044	0.040	0.048	0.042	0.047	0.041	0.044	0.041	0.048	0.034	0.047	0.036
0:30:49	25.3	0.036	0.049	0.045	0.046	0.048	0.047	0.045	0.045	0.047	0.042	0.045	0.042	0.044	0.042	0.048	0.043	0.046	0.042	0.043	0.042	0.048	0.034	0.047	0.036
0:46:13	25.3	0.036	0.050	0.046	0.046	0.048	0.047	0.046	0.046	0.047	0.042	0.045	0.042	0.045	0.041	0.048	0.043	0.046	0.042	0.044	0.043	0.049	0.035	0.047	0.036
1:01:38	25.3	0.036	0.050	0.047	0.047	0.049	0.048	0.046	0.046	0.047	0.042	0.045	0.042	0.045	0.041	0.048	0.043	0.047	0.042	0.044	0.042	0.050	0.035	0.048	0.036
1:17:03	25.4	0.036	0.051	0.047	0.047	0.049	0.048	0.046	0.047	0.047	0.043	0.045	0.042	0.044	0.040	0.049	0.043	0.047	0.043	0.044	0.042	0.050	0.035	0.048	0.036
1:32:27	25.4	0.036	0.052	0.048	0.048	0.050	0.049	0.047	0.047	0.048	0.043	0.046	0.041	0.045	0.040	0.049	0.043	0.047	0.043	0.044	0.042	0.051	0.034	0.049	0.036
1:47:52	25.3	0.036	0.053	0.049	0.049	0.051	0.050	0.048	0.048	0.048	0.042	0.047	0.042	0.046	0.041	0.050	0.044	0.048	0.044	0.045	0.043	0.051	0.035	0.050	0.036
2:03:17	25.3	0.036	0.055	0.050	0.050	0.052	0.051	0.049	0.049	0.049	0.043	0.048	0.042	0.046	0.040	0.051	0.044	0.049	0.044	0.045	0.043	0.053	0.035	0.051	0.036
2:18:41	25.3	0.036	0.056	0.052	0.051	0.054	0.052	0.050	0.049	0.050	0.042	0.049	0.042	0.047	0.041	0.052	0.044	0.050	0.045	0.046	0.044	0.054	0.035	0.052	0.036
2:34:06	25.3	0.036	0.059	0.054	0.052	0.056	0.054	0.051	0.051	0.051	0.042	0.050	0.043	0.048	0.041	0.054	0.045	0.052	0.046	0.047	0.044	0.056	0.035	0.054	0.036
2:49:30	25.3	0.036	0.061	0.056	0.054	0.058	0.056	0.053	0.052	0.052	0.042	0.051	0.042	0.049	0.043	0.056	0.047	0.055	0.047	0.049	0.045	0.058	0.034	0.056	0.035
3:04:55	25.3	0.036	0.064	0.059	0.056	0.062	0.058	0.056	0.054	0.054	0.043	0.053	0.042	0.050	0.040	0.058	0.047	0.057	0.048	0.051	0.046	0.061	0.035	0.058	0.036
3:20:20	25.3	0.036	0.067	0.063	0.059	0.065	0.060	0.058	0.057	0.057	0.043	0.056	0.042	0.052	0.044	0.060	0.048	0.058	0.050	0.052	0.047	0.064	0.035	0.061	0.036
3:35:44	25.3	0.036	0.071	0.068	0.062	0.070	0.065	0.061	0.059	0.060	0.043	0.059	0.042	0.054	0.042	0.063	0.050	0.061	0.053	0.054	0.049	0.067	0.035	0.065	0.036
3:51:09	25.3	0.036	0.075	0.073	0.066	0.075	0.069	0.066	0.063	0.063	0.043	0.063	0.041	0.056	0.047	0.067	0.051	0.066	0.054	0.057	0.050	0.072	0.035	0.069	0.036
4:06:33	25.3	0.036	0.080	0.079	0.071	0.082	0.074	0.071	0.068	0.068	0.045	0.067	0.043	0.059	0.048	0.071	0.053	0.070	0.057	0.061	0.052	0.077	0.035	0.074	0.036
4:21:58	25.3	0.036	0.086	0.086	0.076	0.090	0.082	0.077	0.074	0.073	0.043	0.072	0.043	0.062	0.048	0.076	0.057	0.077	0.076	0.066	0.055	0.082	0.035	0.079	0.036
4:37:23	25.2	0.036	0.093	0.095	0.084	0.099	0.090	0.086	0.081	0.079	0.043	0.078	0.042	0.065	0.049	0.083	0.062	0.084	0.076	0.070	0.061	0.089	0.035	0.086	0.036
4:52:48	25.3	0.035	0.102	0.102	0.092	0.107	0.098	0.095	0.088	0.085	0.043	0.086	0.044	0.070	0.047	0.090	0.064	0.093	0.070	0.078	0.061	0.096	0.035	0.093	0.036
5:08:12	25.3	0.035	0.106	0.111	0.100	0.116	0.105	0.102	0.097	0.092	0.043	0.094	0.043	0.075	0.045	0.097	0.068	0.102	0.085	0.084	0.067	0.101	0.035	0.098	0.036
5:23:37	25.3	0.035	0.118	0.122	0.107	0.130	0.114	0.111	0.104	0.100	0.045	0.100	0.044	0.081	0.047	0.101	0.074	0.109	0.085	0.092	0.072	0.108	0.035	0.104	0.035
5:39:02	25.2	0.035	0.129	0.134	0.117	0.142	0.123	0.122	0.115	0.112	0.044	0.112	0.044	0.086	0.043	0.112	0.083	0.122	0.095	0.099	0.081	0.118	0.035	0.114	0.036
5:54:26	25.3	0.035	0.142	0.147	0.128	0.155	0.134	0.134	0.122	0.122	0.045	0.124	0.048	0.093	0.044	0.122	0.092	0.133	0.105	0.109	0.087	0.127	0.035	0.123	0.036
6:09:51	25.2	0.035	0.154	0.162	0.140	0.170	0.146	0.148	0.134	0.132	0.046	0.135	0.044	0.102	0.048	0.132	0.103	0.145	0.116	0.121	0.097	0.138	0.035	0.133	0.036
6:25:15	25.3	0.035	0.170	0.175	0.150	0.185	0.160	0.164	0.146	0.143	0.046	0.148	0.071	0.111	0.044	0.143	0.107	0.157	0.131	0.132	0.105	0.147	0.035	0.144	0.036
6:40:40	25.3	0.035	0.181	0.187	0.165	0.196	0.170	0.176	0.157	0.156	0.046	0.165	0.045	0.118	0.046	0.152	0.118	0.167	0.149	0.144	0.117	0.157	0.035	0.153	0.036
6:56:05	25.3	0.035	0.192	0.198	0.178	0.209	0.183	0.186	0.170	0.170	0.046	0.181	0.049	0.128	0.045	0.163	0.134	0.177	0.162	0.153	0.129	0.167	0.035	0.161	0.036
7:11:29	25.3	0.035	0.203	0.209	0.188	0.220	0.190	0.197	0.177	0.184	0.047	0.193	0.046	0.140	0.045	0.172	0.148	0.188	0.176	0.165	0.140	0.175	0.035	0.170	0.036
7:26:54	25.3	0.035	0.213	0.222	0.200	0.233	0.202	0.205	0.188	0.196	0.051	0.207	0.048	0.151	0.046	0.181	0.162	0.195	0.190	0.172	0.155	0.186	0.035	0.178	0.036
7:42:19	25.4	0.035	0.223	0.236	0.212	0.245	0.215	0.215	0.198	0.210	0.048	0.221	0.049	0.161	0.046	0.191	0.179	0.205	0.197	0.182	0.170	0.197	0.035	0.187	0.036
7:57:43	25.4	0.035	0.230	0.253	0.226	0.262	0.226	0.228	0.209	0.228	0.053	0.239	0.050	0.173	0.050	0.202	0.190	0.213	0.207	0.191	0.180	0.209	0.035	0.195	0.036
8:13:08	25.4	0.035	0.240	0.270	0.240	0.278	0.241	0.243	0.218	0.247	0.054	0.258	0.056	0.184	0.048	0.212	0.202	0.222	0.220	0.199	0.193	0.223	0.035	0.204	0.036
8:28:33	25.4	0.035	0.252	0.290	0.255	0.301	0.255	0.262	0.233	0.267	0.069	0.278	0.056	0.201	0.051	0.228	0.212	0.237	0.229	0.211	0.215	0.235	0.035	0.213	0.036
8:43:57	25.4	0.035	0.266	0.315	0.274	0.323	0.275	0.279	0.252	0.289	0.096	0.300	0.058	0.217	0.056	0.243	0.223	0.249	0.244	0.224	0.214	0.253	0.035	0.225	0.036
8:59:22	25.4	0.035	0.280	0.339	0.294	0.344	0.294	0.300	0.268	0.313	0.061	0.322	0.061	0.235	0.057	0.258	0.230	0.267	0.261	0.235	0.226	0.273	0.035	0.240	0.036
9:14:47	25.4	0.035	0.298	0.363	0.313	0.364	0.316	0.322	0.291	0.337	0.070	0.345	0.070	0.254	0.067	0.276	0.242	0.296	0.276	0.250	0.239	0.301	0.035	0.259	0.036
9:30:11	25.4	0.035	0.320	0.387	0.337	0.382	0.337	0.341	0.314	0.362	0.075	0.370	0.083	0.274	0.062	0.307	0.257	0.320	0.298	0.265	0.256	0.325	0.035	0.281	0.036
9:45:36	25.3	0.035	0.338	0.407	0.362	0.399	0.362	0.361	0.340	0.390	0.078	0.393	0.079	0.294	0.072	0.333	0.269	0.346	0.320	0.281	0.275	0.351	0.035	0.306	0.036
10:01:01	25.3	0.035	0.361	0.428	0.379	0.419	0.387	0.385	0.366	0.420	0.091	0.416	0.082	0.316	0.071	0.358	0.291	0.372	0.356	0.312	0.297	0.377	0.035	0.330	0.036
10:16:25	25.3	0.035	0.387	0.445	0.405	0.436	0.407	0.404	0.398	0.438	0.092	0.434	0.090	0.336	0.077	0.384	0.310	0.401	0.371	0.339	0.310	0.404	0.035	0.357	0.036
10:31:50	25.3	0.035	0.411	0.458	0.415	0.444	0.427	0.423	0.420	0.454	0.109	0.455	0.103	0.359	0.084	0.409	0.343	0.424	0.387	0.366	0.328	0.430	0.035	0.385	0.036
10:47:15	25.3	0.035	0.433	0.473	0.430	0.463	0.443	0.448	0.443	0.479	0.110	0.486	0.104	0.375	0.091	0.432	0.355	0.444	0.413	0.393	0.367	0.450	0.035	0.409	0.036
11:02:39	25.3	0.035	0.442	0.492	0.444	0.490	0.457	0.458	0.464	0.498	0.119	0.505	0.112	0.393	0.089	0.445	0.369	0.456	0.435	0.420	0.374	0.457	0.035	0.430	0.036
11:18:04	25.3	0.035	0.452	0.514	0.459	0.514	0.476	0.468	0.484	0.515	0.128	0.523	0.124	0.415	0.127	0.458	0.408	0.468	0.452	0.440	0.395	0.473	0.035	0.438	0.037
11:33:28	25.2	0.035	0.472	0.534	0.475	0.526	0.490	0.474	0.502	0.530	0.132	0.542	0.136	0.435	0.125	0.471	0.445	0.486	0.466	0.452	0.420	0.483	0.035	0.453	0.037
11:48:53	25.2	0.035	0.501	0.549	0.497	0.567	0.516	0.492	0.519	0.548	0.163	0.561	0.145	0.448	0.128	0.489	0.438	0.508	0.486	0.460	0.441	0.508	0.035	0.477	0.037
12:04:17	25.2	0.035	0.525	0.564	0.516	0.581	0.537	0.510	0.543	0.568	0.168	0.579	0.164	0.475	0.146	0.511	0.451	0.526	0.491	0.483	0.460	0.531	0.035	0.505	0.036
12:19:42	25.2	0.035	0.550	0.580	0.534	0.605	0.557	0.525	0.560	0.583	0.169	0.594	0.167	0.490	0.183	0.535	0.448	0.547	0.509	0.503	0.469	0.556	0.035	0.533	0.037
12:35:07	25.2	0.035	0.569	0.586	0.551	0.610	0.574	0.547	0.578	0.600	0.207	0.612	0.202	0.503	0.185	0.554	0.479	0.565	0.515	0.523	0.488	0.579	0.035	0.557	0.037
12:50:31	25.2	0.035	0.581	0.601	0.567	0.617	0.591	0.558	0.594	0.621	0.240	0.632	0.189	0.522	0.173	0.573	0.486	0.582	0.557	0.545	0.487	0.593	0.035	0.575	0.037
13:05:56	25.2	0.035	0.593	0.601	0.582	0.616	0.609	0.574	0.603	0.639	0.251	0.644	0.221	0.539	0.207	0.591	0.499	0.595	0.546	0.566	0.500	0.611	0.035	0.590	0.037
13:21:21	25.2	0.035	0.597	0.601	0.591	0.617	0.610	0.580	0.611	0.642	0.214	0.651	0.194	0.556	0.236	0.603	0.545	0.610	0.536	0.581	0.516	0.614	0.035	0.595	0.037
13:36:45	25.2	0.035	0.605	0.603	0.593	0.616	0.617	0.576	0.620	0.647	0.263	0.654	0.230	0.576	0.265	0.618	0.506	0.621	0.532	0.605	0.515	0.626	0.035	0.602	0.037
13:52:10	25.2	0.035	0.611	0.608	0.598	0.621	0.623	0.570	0.617	0.650	0.305	0.656	0.221	0.594	0.281	0.626	0.503	0.625	0.528	0.619	0.521	0.635	0.035	0.614	0.037
14:07:35	25.2	0.035	0.614	0.610	0.601	0.623	0.626	0.562	0.626	0.653	0.297	0.657	0.235	0.601	0.268	0.632	0.495	0.631	0.518	0.634	0.524	0.640	0.035	0.619	0.037
14:22:59	25.1	0.035	0.614	0.614	0.603	0.626	0.631	0.571	0.625	0.656	0.248	0.658	0.348	0.606	0.219	0.636	0.537	0.638	0.511	0.641	0.518	0.644	0.035	0.626	0.037
14:38:24	25.1	0.035	0.617	0.619	0.607	0.628	0.632	0.574	0.626	0.655	0.246	0.658	0.225	0.612	0.261	0.642	0.485	0.644	0.517	0.646	0.522	0.650	0.035	0.630	0.037
14:53:49	25.1	0.036	0.621	0.620	0.612	0.632	0.640	0.575	0.629	0.656	0.260	0.659	0.242	0.613	0.256	0.647	0.489	0.647	0.516	0.650	0.508	0.654	0.035	0.632	0.037
15:09:13	25.1	0.035	0.625	0.624	0.615	0.636	0.648	0.576	0.630	0.661	0.281	0.661	0.252	0.618	0.261	0.651	0.489	0.653	0.509	0.655	0.510	0.659	0.035	0.637	0.037
15:24:38	25.1	0.035	0.628	0.626	0.622	0.638	0.649	0.581	0.637	0.661	0.271	0.662	0.253	0.620	0.291	0.656	0.484	0.656	0.500	0.663	0.504	0.664	0.035	0.643	0.037
15:40:03	25.2	0.035	0.633	0.632	0.628	0.643	0.653	0.581	0.644	0.663	0.289	0.664	0.253	0.623	0.320	0.659	0.484	0.661	0.500	0.668	0.508	0.670	0.035	0.648	0.037
15:55:27	25.2	0.036	0.637	0.634	0.632	0.647	0.661	0.583	0.646	0.663	0.255	0.665	0.351	0.624	0.317	0.664	0.476	0.665	0.490	0.665	0.504	0.674	0.035	0.653	0.037
16:10:52	25.2	0.036	0.642	0.634	0.638	0.646	0.667	0.590	0.645	0.668	0.303	0.667	0.259	0.624	0.343	0.669	0.465	0.669	0.491	0.673	0.507	0.679	0.035	0.656	0.038
16:26:17	25.2	0.036	0.648	0.638	0.642	0.648	0.669	0.591	0.650	0.677	0.338	0.669	0.299	0.628	0.315	0.673	0.487	0.674	0.484	0.678	0.499	0.683	0.035	0.661	0.037
16:41:42	25.2	0.035	0.650	0.635	0.647	0.649	0.680	0.589	0.655	0.671	0.325	0.668	0.317	0.633	0.325	0.674	0.477	0.677	0.483	0.684	0.499	0.689	0.035	0.667	0.038
16:57:06	25.2	0.036	0.655	0.643	0.653	0.652	0.680	0.589	0.660	0.677	0.359	0.672	0.388	0.635	0.346	0.679	0.476	0.680	0.486	0.685	0.492	0.693	0.035	0.670	0.037
17:12:31	25.2	0.036	0.658	0.641	0.657	0.652	0.685	0.594	0.666	0.678	0.329	0.673	0.317	0.631	0.382	0.682	0.453	0.682	0.478	0.688	0.495	0.699	0.035	0.676	0.038
17:27:56	25.2	0.036	0.661	0.646	0.660	0.655	0.690	0.597	0.667	0.680	0.313	0.674	0.374	0.636	0.373	0.685	0.454	0.685	0.474	0.689	0.488	0.704	0.035	0.679	0.038
17:43:21	25.3	0.036	0.663	0.645	0.664	0.657	0.696	0.599	0.678	0.683	0.307	0.677	0.395	0.641	0.396	0.688	0.446	0.689	0.468	0.691	0.487	0.707	0.035	0.683	0.037
17:58:45	25.3	0.036	0.667	0.648	0.667	0.659	0.702	0.598	0.681	0.689	0.395	0.679	0.360	0.642	0.389	0.692	0.459	0.691	0.462	0.689	0.488	0.710	0.035	0.686	0.038
18:14:10	25.3	0.036	0.669	0.649	0.671	0.660	0.703	0.600	0.685	0.695	0.396	0.682	0.377	0.644	0.412	0.696	0.441	0.694	0.459	0.686	0.484	0.713	0.035	0.690	0.038
18:29:35	25.3	0.036	0.671	0.653	0.677	0.661	0.708	0.604	0.687	0.693	0.376	0.682	0.341	0.646	0.419	0.697	0.437	0.696	0.447	0.693	0.477	0.715	0.035	0.695	0.038
18:44:59	25.3	0.036	0.672	0.655	0.678	0.663	0.708	0.607	0.698	0.693	0.362	0.685	0.371	0.649	0.400	0.698	0.439	0.698	0.444	0.692	0.473	0.720	0.035	0.697	0.038
19:00:24	25.3	0.036	0.676	0.656	0.683	0.665	0.716	0.608	0.696	0.697	0.376	0.687	0.382	0.652	0.442	0.702	0.418	0.700	0.437	0.695	0.466	0.724	0.035	0.701	0.038
19:15:49	25.3	0.036	0.677	0.658	0.685	0.666	0.717	0.612	0.703	0.698	0.393	0.689	0.396	0.651	0.468	0.701	0.414	0.702	0.429	0.695	0.462	0.726	0.035	0.704	0.038
19:31:13	25.3	0.036	0.679	0.657	0.687	0.666	0.721	0.613	0.702	0.701	0.344	0.690	0.372	0.656	0.437	0.703	0.440	0.704	0.431	0.697	0.455	0.726	0.035	0.707	0.038
19:46:38	25.4	0.036	0.681	0.659	0.690	0.667	0.726	0.615	0.711	0.705	0.358	0.693	0.445	0.657	0.440	0.704	0.404	0.704	0.421	0.698	0.442	0.731	0.035	0.709	0.038
20:02:03	25.4	0.036	0.682	0.660	0.693	0.667	0.728	0.617	0.715	0.704	0.340	0.695	0.387	0.660	0.417	0.704	0.396	0.705	0.410	0.697	0.440	0.730	0.035	0.710	0.038
20:17:27	25.4	0.036	0.684	0.659	0.695	0.668	0.732	0.618	0.719	0.708	0.358	0.697	0.389	0.666	0.457	0.707	0.390	0.707	0.405	0.700	0.427	0.739	0.035	0.711	0.038
20:32:52	25.4	0.036	0.686	0.661	0.697	0.670	0.729	0.620	0.723	0.711	0.357	0.700	0.381	0.670	0.419	0.708	0.379	0.706	0.413	0.702	0.422	0.741	0.035	0.715	0.038
20:48:17	25.4	0.036	0.686	0.664	0.698	0.670	0.731	0.620	0.727	0.712	0.371	0.702	0.360	0.674	0.438	0.707	0.374	0.708	0.391	0.703	0.413	0.743	0.035	0.716	0.038
21:03:41	25.4	0.036	0.689	0.665	0.701	0.672	0.735	0.620	0.727	0.714	0.379	0.703	0.395	0.677	0.500	0.710	0.382	0.709	0.388	0.705	0.399	0.751	0.035	0.718	0.038
21:19:06	25.4	0.037	0.689	0.663	0.702	0.673	0.738	0.620	0.732	0.715	0.339	0.706	0.396	0.682	0.385	0.710	0.434	0.710	0.389	0.704	0.401	0.749	0.035	0.719	0.038
21:34:31	25.3	0.037	0.691	0.667	0.704	0.674	0.734	0.623	0.736	0.719	0.343	0.709	0.381	0.686	0.444	0.709	0.358	0.710	0.369	0.707	0.391	0.758	0.035	0.721	0.038
21:49:55	25.3	0.037	0.692	0.667	0.705	0.675	0.740	0.624	0.738	0.718	0.365	0.710	0.418	0.690	0.434	0.710	0.372	0.712	0.370	0.707	0.379	0.766	0.035	0.721	0.038
22:05:20	25.3	0.037	0.693	0.669	0.708	0.677	0.738	0.620	0.742	0.723	0.340	0.713	0.404	0.695	0.419	0.710	0.341	0.711	0.362	0.709	0.360	0.768	0.035	0.725	0.038
22:20:45	25.3	0.037	0.695	0.670	0.709	0.676	0.737	0.622	0.741	0.725	0.330	0.715	0.362	0.699	0.467	0.709	0.327	0.711	0.353	0.709	0.361	0.773	0.035	0.724	0.038
22:36:10	25.3	0.037	0.697	0.667	0.710	0.677	0.740	0.624	0.746	0.726	0.326	0.717	0.360	0.702	0.461	0.709	0.324	0.711	0.341	0.708	0.354	0.778	0.035	0.727	0.037
22:51:34	25.3	0.037	0.696	0.671	0.711	0.678	0.747	0.619	0.748	0.726	0.349	0.718	0.373	0.704	0.555	0.712	0.309	0.710	0.339	0.707	0.342	0.780	0.035	0.726	0.038
23:06:59	25.3	0.037	0.696	0.674	0.712	0.679	0.735	0.622	0.750	0.731	0.337	0.721	0.444	0.709	0.421	0.710	0.312	0.710	0.329	0.708	0.332	0.779	0.035	0.727	0.037
23:22:24	25.3	0.037	0.694	0.674	0.714	0.680	0.745	0.618	0.749	0.733	0.380	0.723	0.366	0.712	0.443	0.710	0.298	0.710	0.332	0.706	0.326	0.785	0.035	0.728	0.037
23:37:49	25.3	0.037	0.694	0.674	0.715	0.680	0.744	0.615	0.750	0.736	0.348	0.725	0.378	0.715	0.439	0.709	0.298	0.710	0.318	0.704	0.315	0.784	0.035	0.727	0.037
23:53:13	25.3	0.037	0.695	0.675	0.718	0.682	0.742	0.615	0.755	0.736	0.331	0.726	0.407	0.717	0.457	0.711	0.295	0.709	0.313	0.703	0.307	0.780	0.035	0.723	0.037
24:08:38	25.3	0.037	0.698	0.674	0.717	0.684	0.746	0.614	0.754	0.740	0.341	0.730	0.373	0.718	0.533	0.710	0.288	0.709	0.316	0.701	0.299	0.779	0.035	0.722	0.037
24:24:03	25.3	0.037	0.699	0.679	0.719	0.684	0.748	0.613	0.755	0.742	0.329	0.730	0.378	0.720	0.495	0.709	0.274	0.709	0.301	0.701	0.288	0.776	0.035	0.720	0.037
24:39:28	25.3	0.037	0.702	0.678	0.722	0.683	0.750	0.617	0.757	0.744	0.330	0.729	0.404	0.720	0.439	0.708	0.276	0.708	0.299	0.701	0.284	0.778	0.035	0.726	0.037
24:54:52	25.3	0.037	0.704	0.678	0.722	0.685	0.751	0.609	0.759	0.747	0.361	0.734	0.361	0.720	0.448	0.710	0.272	0.708	0.297	0.702	0.275	0.780	0.035	0.726	0.037
25:10:17	25.3	0.037	0.701	0.677	0.723	0.686	0.750	0.606	0.760	0.752	0.328	0.735	0.396	0.721	0.413	0.712	0.267	0.708	0.295	0.693	0.270	0.778	0.035	0.726	0.037
25:25:42	25.3	0.037	0.697	0.679	0.725	0.685	0.754	0.603	0.760	0.752	0.325	0.736	0.346	0.721	0.467	0.710	0.261	0.707	0.284	0.696	0.264	0.781	0.035	0.729	0.037
25:41:07	25.3	0.038	0.694	0.681	0.727	0.690	0.757	0.602	0.760	0.753	0.326	0.736	0.374	0.720	0.460	0.711	0.262	0.707	0.282	0.693	0.260	0.777	0.035	0.726	0.037
25:56:31	25.3	0.037	0.690	0.686	0.728	0.692	0.762	0.605	0.761	0.754	0.353	0.739	0.360	0.719	0.426	0.712	0.255	0.707	0.276	0.693	0.253	0.773	0.035	0.718	0.037
26:11:56	25.3	0.038	0.685	0.689	0.729	0.697	0.765	0.600	0.762	0.760	0.346	0.742	0.349	0.719	0.468	0.710	0.252	0.707	0.278	0.691	0.248	0.763	0.035	0.713	0.037
26:27:21	25.3	0.038	0.680	0.691	0.730	0.697	0.768	0.597	0.764	0.761	0.342	0.742	0.355	0.716	0.438	0.711	0.248	0.706	0.272	0.688	0.247	0.756	0.035	0.708	0.037
26:42:46	25.3	0.038	0.677	0.692	0.732	0.697	0.767	0.593	0.767	0.765	0.345	0.747	0.355	0.715	0.473	0.713	0.247	0.707	0.268	0.683	0.237	0.745	0.035	0.706	0.037
26:58:10	25.3	0.038	0.675	0.690	0.734	0.696	0.767	0.592	0.768	0.770	0.392	0.751	0.354	0.712	0.489	0.712	0.243	0.706	0.265	0.683	0.234	0.735	0.035	0.700	0.037
27:13:35	25.2	0.038	0.670	0.686	0.732	0.693	0.771	0.592	0.768	0.772	0.320	0.752	0.354	0.711	0.445	0.711	0.241	0.704	0.264	0.681	0.244	0.727	0.035	0.700	0.037
27:29:00	25.2	0.038	0.667	0.683	0.734	0.693	0.772	0.596	0.771	0.773	0.328	0.750	0.338	0.713	0.428	0.711	0.236	0.704	0.260	0.676	0.229	0.715	0.035	0.695	0.037
27:44:24	25.2	0.038	0.662	0.682	0.736	0.690	0.772	0.596	0.770	0.772	0.346	0.748	0.339	0.712	0.454	0.711	0.235	0.706	0.258	0.673	0.224	0.704	0.035	0.694	0.037
27:59:49	25.2	0.038	0.659	0.679	0.739	0.688	0.775	0.595	0.770	0.771	0.340	0.748	0.363	0.712	0.429	0.713	0.234	0.709	0.255	0.674	0.220	0.695	0.035	0.688	0.037
28:15:14	25.2	0.038	0.655	0.678	0.742	0.682	0.782	0.587	0.771	0.770	0.338	0.742	0.347	0.711	0.484	0.718	0.233	0.711	0.250	0.662	0.218	0.684	0.035	0.687	0.037
28:30:39	25.2	0.038	0.651	0.674	0.746	0.684	0.780	0.587	0.774	0.769	0.325	0.745	0.351	0.712	0.434	0.720	0.233	0.713	0.249	0.667	0.212	0.670	0.035	0.685	0.037
28:46:03	25.2	0.038	0.647	0.671	0.745	0.681	0.776	0.586	0.777	0.766	0.342	0.744	0.333	0.716	0.498	0.723	0.228	0.712	0.242	0.661	0.217	0.665	0.035	0.681	0.037
29:01:28	25.2	0.038	0.644	0.669	0.744	0.679	0.782	0.580	0.780	0.767	0.327	0.736	0.347	0.721	0.530	0.719	0.232	0.707	0.243	0.662	0.210	0.658	0.035	0.670	0.037
29:16:53	25.2	0.038	0.640	0.668	0.743	0.678	0.773	0.576	0.786	0.764	0.334	0.740	0.344	0.721	0.447	0.716	0.231	0.704	0.238	0.661	0.213	0.653	0.035	0.671	0.037
29:32:17	25.2	0.038	0.635	0.665	0.741	0.675	0.768	0.569	0.784	0.764	0.320	0.744	0.334	0.725	0.487	0.712	0.230	0.701	0.236	0.660	0.209	0.647	0.035	0.663	0.037
29:47:42	25.2	0.038	0.633	0.662	0.737	0.670	0.766	0.564	0.782	0.761	0.340	0.738	0.329	0.725	0.533	0.708	0.233	0.697	0.232	0.657	0.205	0.643	0.035	0.661	0.037
30:03:07	25.2	0.038	0.628	0.660	0.737	0.672	0.762	0.562	0.782	0.760	0.329	0.735	0.340	0.726	0.507	0.706	0.231	0.693	0.227	0.651	0.203	0.639	0.035	0.650	0.037
30:18:32	25.2	0.038	0.627	0.656	0.735	0.669	0.760	0.559	0.780	0.759	0.319	0.732	0.339	0.727	0.515	0.702	0.239	0.690	0.224	0.645	0.204	0.634	0.036	0.651	0.037
30:33:56	25.2	0.038	0.621	0.655	0.733	0.664	0.749	0.555	0.779	0.757	0.331	0.731	0.338	0.718	0.521	0.699	0.234	0.688	0.229	0.639	0.202	0.630	0.035	0.646	0.037
30:49:21	25.2	0.038	0.621	0.652	0.733	0.662	0.742	0.551	0.777	0.755	0.333	0.730	0.334	0.717	0.472	0.694	0.257	0.683	0.221	0.633	0.201	0.622	0.035	0.636	0.037
31:04:45	25.2	0.038	0.618	0.651	0.731	0.661	0.733	0.556	0.775	0.753	0.346	0.726	0.327	0.710	0.438	0.692	0.230	0.681	0.233	0.624	0.199	0.620	0.035	0.628	0.037
31:20:10	25.2	0.038	0.613	0.647	0.729	0.658	0.729	0.543	0.769	0.750	0.333	0.725	0.336	0.706	0.504	0.689	0.226	0.679	0.217	0.612	0.195	0.617	0.035	0.615	0.037
31:35:35	25.2	0.038	0.609	0.647	0.728	0.656	0.721	0.540	0.770	0.749	0.325	0.723	0.322	0.706	0.416	0.688	0.238	0.676	0.227	0.610	0.195	0.612	0.035	0.610	0.037
31:50:59	25.2	0.038	0.605	0.644	0.725	0.653	0.715	0.538	0.767	0.748	0.334	0.719	0.330	0.700	0.528	0.688	0.235	0.674	0.215	0.600	0.196	0.607	0.035	0.604	0.037
32:06:24	25.2	0.038	0.599	0.642	0.721	0.651	0.708	0.537	0.761	0.746	0.323	0.717	0.340	0.695	0.479	0.684	0.233	0.674	0.216	0.603	0.194	0.607	0.035	0.599	0.037
32:21:49	25.2	0.038	0.596	0.639	0.723	0.650	0.705	0.534	0.760	0.744	0.341	0.713	0.338	0.690	0.427	0.685	0.231	0.674	0.219	0.592	0.195	0.597	0.035	0.590	0.037
32:37:14	25.2	0.038	0.591	0.638	0.721	0.648	0.702	0.533	0.758	0.741	0.322	0.713	0.329	0.686	0.427	0.683	0.240	0.674	0.210	0.591	0.193	0.594	0.036	0.581	0.037
32:52:38	25.2	0.038	0.584	0.635	0.719	0.646	0.699	0.527	0.753	0.740	0.318	0.711	0.320	0.676	0.526	0.684	0.275	0.678	0.228	0.580	0.195	0.585	0.035	0.574	0.037
33:08:03	25.2	0.038	0.578	0.632	0.717	0.645	0.696	0.528	0.750	0.738	0.356	0.707	0.329	0.678	0.400	0.682	0.237	0.681	0.211	0.576	0.194	0.581	0.036	0.564	0.037
33:23:27	25.2	0.038	0.573	0.631	0.715	0.644	0.690	0.519	0.743	0.736	0.328	0.704	0.333	0.676	0.433	0.682	0.231	0.680	0.212	0.574	0.197	0.574	0.035	0.558	0.037
33:38:52	25.2	0.038	0.564	0.630	0.713	0.643	0.686	0.511	0.744	0.735	0.337	0.702	0.327	0.667	0.403	0.678	0.231	0.675	0.211	0.568	0.196	0.566	0.035	0.544	0.037
33:54:17	25.1	0.038	0.558	0.628	0.711	0.645	0.682	0.505	0.733	0.731	0.337	0.700	0.336	0.649	0.413	0.673	0.244	0.670	0.220	0.564	0.199	0.560	0.035	0.537	0.037
34:09:42	25.2	0.038	0.551	0.628	0.709	0.641	0.679	0.504	0.731	0.730	0.332	0.696	0.352	0.663	0.484	0.666	0.242	0.662	0.213	0.559	0.194	0.551	0.035	0.529	0.037
34:25:06	25.2	0.038	0.542	0.625	0.706	0.639	0.677	0.494	0.727	0.727	0.333	0.694	0.331	0.653	0.445	0.664	0.252	0.653	0.210	0.547	0.190	0.546	0.035	0.520	0.037
34:40:31	25.2	0.038	0.535	0.623	0.706	0.635	0.675	0.489	0.720	0.724	0.322	0.690	0.348	0.645	0.498	0.658	0.238	0.647	0.210	0.551	0.224	0.536	0.035	0.511	0.037
34:55:56	25.2	0.038	0.526	0.624	0.705	0.636	0.673	0.489	0.718	0.723	0.335	0.687	0.364	0.634	0.503	0.655	0.241	0.644	0.216	0.541	0.193	0.530	0.035	0.504	0.037
35:11:21	25.2	0.038	0.518	0.622	0.703	0.631	0.671	0.479	0.713	0.721	0.334	0.684	0.345	0.627	0.507	0.649	0.241	0.643	0.218	0.534	0.194	0.525	0.035	0.503	0.037
35:26:45	25.2	0.038	0.512	0.620	0.699	0.627	0.667	0.485	0.709	0.718	0.329	0.680	0.337	0.633	0.515	0.637	0.258	0.641	0.213	0.530	0.194	0.515	0.035	0.489	0.037
35:42:10	25.2	0.038	0.501	0.618	0.693	0.624	0.667	0.473	0.705	0.714	0.326	0.678	0.345	0.611	0.469	0.628	0.259	0.637	0.232	0.523	0.209	0.512	0.035	0.481	0.037
35:57:35	25.2	0.038	0.494	0.617	0.695	0.618	0.666	0.467	0.702	0.713	0.345	0.674	0.374	0.598	0.458	0.626	0.261	0.630	0.211	0.524	0.199	0.499	0.036	0.476	0.037
36:12:59	25.2	0.038	0.487	0.616	0.693	0.613	0.666	0.459	0.698	0.710	0.329	0.671	0.345	0.599	0.449	0.622	0.251	0.626	0.217	0.507	0.194	0.495	0.036	0.468	0.037
36:28:24	25.2	0.037	0.477	0.613	0.692	0.605	0.664	0.464	0.696	0.707	0.330	0.668	0.378	0.591	0.477	0.616	0.259	0.620	0.216	0.513	0.197	0.485	0.036	0.455	0.037
36:43:49	25.2	0.037	0.470	0.612	0.690	0.607	0.661	0.454	0.693	0.702	0.337	0.666	0.388	0.583	0.464	0.610	0.269	0.613	0.217	0.496	0.192	0.479	0.036	0.450	0.037
36:59:14	25.2	0.037	0.461	0.611	0.687	0.601	0.661	0.452	0.689	0.703	0.326	0.662	0.359	0.578	0.460	0.602	0.272	0.603	0.219	0.495	0.196	0.470	0.035	0.439	0.037
37:14:38	25.2	0.037	0.451	0.611	0.686	0.605	0.659	0.447	0.688	0.699	0.332	0.660	0.371	0.580	0.420	0.592	0.277	0.594	0.215	0.487	0.196	0.458	0.036	0.437	0.037
37:30:03	25.2	0.037	0.446	0.609	0.683	0.602	0.657	0.448	0.684	0.695	0.331	0.656	0.352	0.574	0.490	0.582	0.260	0.586	0.216	0.485	0.196	0.454	0.036	0.425	0.036
37:45:28	25.2	0.037	0.441	0.608	0.680	0.606	0.654	0.454	0.683	0.696	0.339	0.653	0.348	0.569	0.540	0.574	0.273	0.575	0.215	0.475	0.196	0.443	0.036	0.426	0.036
38:00:53	25.2	0.037	0.432	0.605	0.677	0.593	0.653	0.439	0.680	0.693	0.332	0.651	0.371	0.557	0.474	0.564	0.265	0.567	0.216	0.470	0.199	0.436	0.036	0.414	0.036
38:16:17	25.2	0.037	0.428	0.604	0.678	0.593	0.649	0.431	0.680	0.691	0.337	0.647	0.344	0.555	0.436	0.557	0.282	0.558	0.224	0.468	0.201	0.431	0.035	0.411	0.036
38:31:42	25.2	0.037	0.419	0.601	0.674	0.588	0.647	0.428	0.677	0.688	0.333	0.645	0.366	0.555	0.426	0.549	0.270	0.549	0.223	0.452	0.201	0.422	0.036	0.404	0.036
38:47:07	25.2	0.036	0.415	0.597	0.675	0.586	0.643	0.432	0.675	0.689	0.330	0.643	0.343	0.550	0.405	0.540	0.279	0.542	0.225	0.456	0.208	0.413	0.036	0.397	0.036
39:02:32	25.2	0.036	0.408	0.594	0.675	0.579	0.641	0.419	0.673	0.687	0.332	0.641	0.342	0.553	0.376	0.530	0.274	0.533	0.228	0.442	0.198	0.404	0.036	0.388	0.036
39:17:56	25.2	0.036	0.403	0.590	0.674	0.571	0.640	0.414	0.671	0.686	0.340	0.638	0.371	0.548	0.388	0.523	0.298	0.524	0.230	0.442	0.199	0.395	0.036	0.387	0.036
39:33:21	25.2	0.036	0.399	0.587	0.673	0.568	0.637	0.415	0.669	0.687	0.342	0.636	0.358	0.538	0.411	0.517	0.278	0.517	0.237	0.430	0.204	0.388	0.036	0.377	0.036
39:48:45	25.2	0.036	0.393	0.580	0.679	0.564	0.632	0.411	0.666	0.686	0.344	0.634	0.345	0.537	0.469	0.508	0.296	0.508	0.230	0.434	0.211	0.385	0.036	0.374	0.036
40:04:10	25.2	0.036	0.389	0.575	0.679	0.559	0.631	0.404	0.663	0.684	0.326	0.632	0.379	0.526	0.417	0.502	0.286	0.503	0.232	0.420	0.202	0.377	0.036	0.368	0.036
40:19:35	25.2	0.036	0.383	0.567	0.682	0.551	0.628	0.403	0.661	0.686	0.370	0.631	0.354	0.535	0.386	0.495	0.291	0.493	0.232	0.414	0.201	0.370	0.036	0.357	0.036
40:34:59	25.2	0.036	0.379	0.561	0.685	0.548	0.628	0.399	0.658	0.684	0.330	0.629	0.366	0.512	0.374	0.487	0.301	0.486	0.235	0.408	0.202	0.366	0.036	0.362	0.036
40:50:24	25.2	0.036	0.375	0.557	0.684	0.543	0.623	0.387	0.655	0.683	0.341	0.627	0.354	0.527	0.477	0.481	0.293	0.479	0.234	0.397	0.210	0.360	0.036	0.351	0.036
41:05:49	25.2	0.036	0.372	0.550	0.679	0.539	0.620	0.390	0.654	0.680	0.360	0.625	0.356	0.508	0.413	0.475	0.310	0.473	0.236	0.395	0.208	0.356	0.036	0.346	0.036
41:21:14	25.2	0.035	0.366	0.545	0.676	0.534	0.618	0.382	0.650	0.681	0.326	0.624	0.422	0.505	0.426	0.468	0.313	0.467	0.237	0.383	0.207	0.350	0.035	0.341	0.036
41:36:39	25.2	0.035	0.362	0.538	0.673	0.529	0.610	0.379	0.649	0.680	0.333	0.623	0.360	0.494	0.428	0.461	0.315	0.460	0.239	0.376	0.212	0.341	0.035	0.334	0.036
41:52:03	25.2	0.035	0.358	0.533	0.671	0.524	0.610	0.378	0.647	0.680	0.345	0.620	0.364	0.489	0.398	0.458	0.315	0.454	0.241	0.365	0.206	0.338	0.035	0.330	0.036
42:07:28	25.2	0.035	0.355	0.527	0.667	0.518	0.605	0.371	0.645	0.677	0.347	0.620	0.375	0.482	0.434	0.451	0.318	0.449	0.244	0.361	0.208	0.331	0.036	0.326	0.036
42:22:53	25.2	0.035	0.349	0.523	0.665	0.515	0.601	0.367	0.642	0.677	0.371	0.617	0.373	0.480	0.412	0.444	0.318	0.441	0.244	0.355	0.209	0.326	0.036	0.318	0.036
42:38:17	25.3	0.035	0.345	0.520	0.663	0.509	0.594	0.363	0.641	0.674	0.373	0.616	0.405	0.479	0.372	0.440	0.322	0.435	0.245	0.346	0.208	0.320	0.035	0.315	0.036
42:53:42	25.3	0.035	0.340	0.511	0.659	0.505	0.597	0.359	0.638	0.672	0.342	0.615	0.381	0.474	0.380	0.434	0.319	0.430	0.257	0.339	0.212	0.315	0.035	0.311	0.036
43:09:07	25.3	0.035	0.335	0.507	0.657	0.500	0.588	0.362	0.635	0.669	0.333	0.613	0.488	0.465	0.392	0.428	0.327	0.425	0.249	0.333	0.215	0.307	0.035	0.306	0.036
43:24:32	25.3	0.035	0.333	0.502	0.653	0.494	0.580	0.356	0.635	0.667	0.332	0.611	0.461	0.464	0.430	0.422	0.326	0.418	0.251	0.330	0.210	0.305	0.035	0.300	0.036
43:39:56	25.3	0.035	0.327	0.496	0.647	0.490	0.581	0.346	0.631	0.665	0.354	0.611	0.402	0.465	0.436	0.417	0.315	0.413	0.257	0.325	0.210	0.297	0.035	0.295	0.036
43:55:21	25.3	0.035	0.325	0.494	0.644	0.487	0.577	0.343	0.630	0.665	0.342	0.610	0.401	0.460	0.400	0.411	0.335	0.407	0.257	0.319	0.212	0.291	0.035	0.287	0.036
44:10:46	25.3	0.035	0.320	0.488	0.638	0.484	0.571	0.341	0.628	0.663	0.340	0.608	0.398	0.450	0.379	0.407	0.329	0.402	0.258	0.311	0.216	0.287	0.035	0.285	0.036
44:26:11	25.3	0.035	0.316	0.480	0.633	0.476	0.560	0.339	0.626	0.659	0.410	0.606	0.406	0.447	0.385	0.403	0.320	0.396	0.265	0.306	0.218	0.282	0.035	0.277	0.036
44:41:35	25.3	0.035	0.311	0.482	0.628	0.475	0.564	0.335	0.624	0.659	0.386	0.604	0.452	0.443	0.430	0.397	0.327	0.391	0.263	0.300	0.214	0.277	0.035	0.274	0.036
44:57:00	25.3	0.035	0.308	0.472	0.621	0.471	0.561	0.329	0.622	0.657	0.350	0.603	0.452	0.438	0.387	0.393	0.327	0.386	0.273	0.294	0.218	0.277	0.035	0.268	0.036
45:12:25	25.3	0.035	0.300	0.473	0.615	0.466	0.555	0.326	0.618	0.654	0.341	0.601	0.382	0.431	0.353	0.388	0.325	0.380	0.270	0.291	0.222	0.270	0.035	0.268	0.036
45:27:49	25.3	0.035	0.299	0.466	0.610	0.466	0.548	0.321	0.617	0.650	0.354	0.598	0.453	0.430	0.355	0.383	0.329	0.374	0.269	0.288	0.217	0.269	0.035	0.261	0.036
45:43:14	25.3	0.035	0.294	0.463	0.605	0.463	0.545	0.318	0.612	0.646	0.353	0.597	0.379	0.430	0.414	0.378	0.328	0.370	0.274	0.280	0.230	0.260	0.035	0.255	0.036
45:58:39	25.3	0.035	0.290	0.459	0.599	0.455	0.541	0.311	0.607	0.641	0.367	0.596	0.406	0.423	0.383	0.373	0.339	0.365	0.272	0.275	0.221	0.257	0.035	0.247	0.036
46:14:04	25.3	0.035	0.288	0.453	0.593	0.454	0.537	0.310	0.604	0.637	0.341	0.592	0.431	0.420	0.415	0.367	0.321	0.360	0.273	0.270	0.223	0.252	0.035	0.250	0.036
46:29:28	25.3	0.035	0.284	0.448	0.587	0.447	0.529	0.306	0.597	0.630	0.372	0.593	0.387	0.411	0.394	0.364	0.331	0.355	0.277	0.265	0.228	0.250	0.035	0.242	0.036
46:44:53	25.3	0.035	0.282	0.444	0.585	0.443	0.521	0.300	0.591	0.625	0.403	0.589	0.453	0.409	0.427	0.359	0.328	0.350	0.275	0.261	0.225	0.244	0.035	0.237	0.036
47:00:18	25.3	0.035	0.276	0.440	0.578	0.439	0.516	0.298	0.589	0.622	0.354	0.588	0.400	0.411	0.407	0.355	0.319	0.346	0.280	0.257	0.225	0.241	0.035	0.235	0.036
47:15:43	25.3	0.035	0.275	0.435	0.573	0.434	0.512	0.294	0.586	0.616	0.350	0.584	0.415	0.399	0.507	0.352	0.341	0.344	0.281	0.251	0.225	0.235	0.035	0.232	0.037
47:31:08	25.3	0.035	0.273	0.429	0.568	0.430	0.507	0.289	0.580	0.611	0.375	0.581	0.406	0.401	0.397	0.348	0.352	0.338	0.281	0.247	0.233	0.235	0.035	0.228	0.037
47:46:33	25.3	0.035	0.270	0.426	0.563	0.424	0.508	0.288	0.572	0.605	0.347	0.576	0.461	0.400	0.399	0.344	0.331	0.336	0.286	0.245	0.226	0.227	0.034	0.223	0.037
48:01:57	25.3	0.035	0.268	0.420	0.559	0.418	0.496	0.284	0.570	0.600	0.352	0.575	0.375	0.390	0.359	0.340	0.336	0.330	0.309	0.242	0.229	0.224	0.035	0.220	0.036
48:17:22	25.3	0.035	0.264	0.417	0.554	0.410	0.494	0.281	0.561	0.593	0.355	0.570	0.398	0.388	0.371	0.337	0.344	0.327	0.287	0.237	0.227	0.223	0.035	0.217	0.037
48:32:47	25.3	0.035	0.261	0.413	0.550	0.405	0.488	0.278	0.557	0.586	0.349	0.568	0.511	0.387	0.412	0.332	0.335	0.325	0.292	0.234	0.225	0.216	0.035	0.212	0.037
48:48:12	25.2	0.035	0.255	0.406	0.542	0.399	0.485	0.272	0.548	0.581	0.356	0.564	0.453	0.383	0.367	0.330	0.336	0.320	0.293	0.230	0.230	0.215	0.035	0.207	0.036
49:03:36	25.2	0.035	0.253	0.402	0.538	0.392	0.480	0.270	0.540	0.575	0.353	0.561	0.394	0.379	0.420	0.326	0.344	0.318	0.287	0.229	0.227	0.210	0.035	0.206	0.036
49:19:01	25.2	0.035	0.250	0.396	0.534	0.385	0.468	0.266	0.539	0.570	0.363	0.556	0.419	0.380	0.357	0.322	0.331	0.314	0.295	0.225	0.229	0.206	0.035	0.200	0.036
49:34:26	25.2	0.035	0.247	0.392	0.529	0.379	0.469	0.263	0.536	0.565	0.372	0.555	0.437	0.375	0.349	0.319	0.337	0.312	0.292	0.221	0.237	0.204	0.035	0.199	0.036
