Time	Temp_C	blank_water_1	L1J2-200_1	L0J1-100_2	L1J3-200_2	L0J1-100_3	L1J3-200_3	L0J1-100_1	L1J3-200_1	L0J2-100_2	L2J1-100_2	L0J2-100_3	L2J1-100_3	L0J2-100_1	L2J1-100_1	L1J1-200_2	L2J2-100_2	L1J1-200_3	L2J2-100_3	L1J1-200_1	L2J2-100_1	L1J2-200_2	blank_media_1	L1J2-200_3	blank_water_2
0:14:49	25.0	0.035	0.045	0.044	0.048	0.046	0.048	0.046	0.049	0.048	0.049	0.047	0.050	0.048	0.048	0.050	0.042	0.048	0.041	0.047	0.042	0.044	0.035	0.046	0.036
0:29:49	25.0	0.035	0.046	0.045	0.050	0.049	0.049	0.048	0.050	0.050	0.051	0.050	0.051	0.048	0.050	0.051	0.043	0.049	0.041	0.048	0.043	0.045	0.035	0.047	0.036
0:44:49	25.0	0.035	0.048	0.047	0.051	0.049	0.050	0.048	0.049	0.051	0.053	0.051	0.053	0.050	0.051	0.053	0.043	0.051	0.042	0.050	0.043	0.046	0.035	0.048	0.036
0:59:49	25.0	0.035	0.049	0.049	0.052	0.051	0.051	0.050	0.052	0.053	0.054	0.052	0.054	0.052	0.054	0.055	0.044	0.053	0.043	0.052	0.044	0.047	0.035	0.049	0.036
1:14:49	25.0	0.035	0.049	0.050	0.053	0.052	0.052	0.051	0.053	0.055	0.057	0.054	0.056	0.053	0.056	0.057	0.044	0.054	0.043	0.053	0.044	0.048	0.035	0.049	0.036
1:29:49	25.0	0.035	0.050	0.052	0.055	0.054	0.055	0.053	0.055	0.057	0.059	0.056	0.059	0.055	0.058	0.059	0.045	0.057	0.044	0.056	0.045	0.050	0.035	0.051	0.036
1:44:49	25.0	0.035	0.052	0.054	0.057	0.056	0.057	0.054	0.056	0.058	0.061	0.058	0.061	0.057	0.060	0.061	0.046	0.059	0.044	0.057	0.046	0.051	0.035	0.052	0.036
1:59:49	25.0	0.035	0.054	0.057	0.059	0.058	0.059	0.057	0.059	0.060	0.064	0.060	0.064	0.059	0.062	0.064	0.046	0.061	0.045	0.060	0.047	0.052	0.035	0.053	0.036
2:14:49	25.0	0.035	0.055	0.059	0.061	0.061	0.060	0.059	0.061	0.063	0.066	0.062	0.066	0.061	0.064	0.067	0.047	0.063	0.046	0.062	0.047	0.053	0.035	0.055	0.036
2:29:49	25.0	0.035	0.057	0.063	0.064	0.064	0.062	0.063	0.063	0.066	0.069	0.065	0.069	0.063	0.067	0.070	0.048	0.066	0.047	0.065	0.048	0.056	0.035	0.057	0.036
2:44:49	25.0	0.035	0.059	0.067	0.067	0.068	0.065	0.065	0.066	0.070	0.072	0.069	0.072	0.067	0.070	0.074	0.049	0.070	0.048	0.069	0.049	0.058	0.035	0.059	0.036
2:59:49	25.0	0.035	0.059	0.071	0.070	0.072	0.069	0.069	0.070	0.074	0.076	0.073	0.075	0.071	0.073	0.078	0.050	0.073	0.049	0.072	0.050	0.059	0.035	0.061	0.036
3:14:49	25.0	0.035	0.063	0.074	0.073	0.077	0.072	0.074	0.074	0.080	0.080	0.078	0.079	0.076	0.076	0.083	0.051	0.078	0.050	0.077	0.052	0.065	0.035	0.063	0.036
3:29:49	25.0	0.035	0.066	0.079	0.082	0.083	0.077	0.077	0.080	0.086	0.085	0.085	0.084	0.082	0.081	0.088	0.052	0.083	0.052	0.081	0.053	0.066	0.035	0.067	0.036
3:44:49	25.0	0.035	0.069	0.086	0.082	0.090	0.085	0.087	0.081	0.093	0.091	0.092	0.090	0.088	0.086	0.095	0.054	0.089	0.053	0.087	0.055	0.068	0.035	0.069	0.036
3:59:49	25.0	0.035	0.073	0.095	0.089	0.100	0.088	0.092	0.090	0.102	0.098	0.101	0.096	0.097	0.092	0.101	0.055	0.096	0.055	0.093	0.056	0.072	0.035	0.072	0.036
4:14:49	25.0	0.035	0.076	0.103	0.094	0.106	0.096	0.099	0.100	0.113	0.107	0.113	0.104	0.105	0.100	0.109	0.058	0.104	0.057	0.100	0.058	0.078	0.036	0.081	0.036
4:29:49	25.0	0.035	0.080	0.113	0.101	0.118	0.102	0.109	0.107	0.125	0.117	0.125	0.113	0.117	0.109	0.118	0.059	0.111	0.059	0.109	0.060	0.082	0.035	0.083	0.036
4:44:49	25.0	0.035	0.097	0.122	0.112	0.129	0.112	0.126	0.118	0.140	0.128	0.139	0.124	0.131	0.119	0.127	0.061	0.122	0.060	0.118	0.062	0.086	0.035	0.087	0.036
4:59:49	25.0	0.035	0.089	0.136	0.124	0.145	0.127	0.129	0.130	0.157	0.142	0.155	0.137	0.145	0.131	0.139	0.063	0.133	0.063	0.127	0.064	0.091	0.035	0.091	0.036
5:14:49	25.0	0.035	0.089	0.149	0.136	0.161	0.139	0.142	0.135	0.174	0.158	0.175	0.151	0.161	0.146	0.153	0.066	0.147	0.065	0.141	0.067	0.095	0.035	0.095	0.036
5:29:49	25.0	0.035	0.097	0.164	0.145	0.186	0.148	0.156	0.137	0.197	0.177	0.198	0.168	0.178	0.160	0.169	0.068	0.164	0.068	0.155	0.069	0.124	0.035	0.106	0.036
5:44:49	25.0	0.035	0.102	0.175	0.156	0.200	0.181	0.171	0.155	0.225	0.199	0.227	0.187	0.198	0.180	0.187	0.071	0.184	0.071	0.171	0.072	0.107	0.035	0.112	0.036
5:59:49	25.0	0.035	0.107	0.193	0.167	0.222	0.176	0.197	0.197	0.253	0.225	0.259	0.212	0.217	0.202	0.209	0.075	0.208	0.075	0.191	0.075	0.114	0.035	0.116	0.036
6:14:49	25.0	0.035	0.118	0.213	0.188	0.251	0.189	0.211	0.232	0.285	0.252	0.294	0.238	0.246	0.225	0.234	0.078	0.233	0.078	0.217	0.079	0.124	0.035	0.174	0.036
6:29:49	25.0	0.035	0.125	0.232	0.211	0.276	0.216	0.227	0.204	0.315	0.284	0.325	0.267	0.274	0.255	0.261	0.082	0.264	0.083	0.247	0.083	0.137	0.035	0.137	0.036
6:44:49	25.0	0.035	0.128	0.261	0.233	0.307	0.244	0.268	0.220	0.351	0.316	0.375	0.302	0.299	0.282	0.295	0.086	0.299	0.086	0.279	0.088	0.165	0.035	0.156	0.036
6:59:49	25.0	0.035	0.142	0.281	0.258	0.345	0.261	0.307	0.261	0.373	0.352	0.389	0.333	0.328	0.317	0.328	0.091	0.336	0.091	0.314	0.092	0.157	0.035	0.161	0.036
7:14:49	25.1	0.035	0.207	0.311	0.275	0.347	0.275	0.345	0.287	0.397	0.386	0.414	0.360	0.355	0.351	0.361	0.096	0.370	0.096	0.348	0.097	0.170	0.036	0.175	0.036
7:29:49	25.1	0.035	0.224	0.348	0.299	0.378	0.310	0.323	0.307	0.429	0.418	0.447	0.387	0.370	0.376	0.391	0.101	0.402	0.101	0.383	0.104	0.209	0.035	0.203	0.036
7:44:49	25.1	0.035	0.185	0.376	0.325	0.409	0.322	0.355	0.329	0.450	0.448	0.473	0.419	0.402	0.408	0.423	0.108	0.436	0.108	0.416	0.110	0.195	0.035	0.207	0.036
7:59:49	25.1	0.035	0.213	0.384	0.347	0.425	0.345	0.382	0.358	0.473	0.473	0.505	0.446	0.419	0.431	0.446	0.115	0.461	0.115	0.447	0.117	0.219	0.035	0.326	0.036
8:14:49	25.1	0.035	0.235	0.397	0.376	0.441	0.373	0.399	0.378	0.496	0.497	0.513	0.465	0.439	0.453	0.474	0.123	0.491	0.123	0.472	0.122	0.292	0.035	0.268	0.036
8:29:49	25.1	0.035	0.270	0.415	0.395	0.457	0.395	0.410	0.411	0.518	0.522	0.541	0.486	0.458	0.474	0.499	0.130	0.516	0.131	0.494	0.131	0.337	0.036	0.280	0.036
8:44:49	25.1	0.035	0.258	0.433	0.418	0.471	0.416	0.431	0.417	0.547	0.545	0.553	0.507	0.478	0.495	0.523	0.139	0.540	0.140	0.522	0.139	0.322	0.035	0.299	0.036
8:59:49	25.1	0.035	0.305	0.465	0.429	0.489	0.434	0.442	0.440	0.555	0.565	0.574	0.528	0.493	0.515	0.548	0.149	0.565	0.150	0.543	0.148	0.332	0.036	0.312	0.036
9:14:49	25.1	0.035	0.324	0.462	0.451	0.497	0.442	0.462	0.453	0.576	0.586	0.604	0.544	0.507	0.535	0.570	0.159	0.587	0.161	0.563	0.158	0.360	0.036	0.323	0.036
9:29:49	25.1	0.035	0.357	0.479	0.466	0.513	0.463	0.466	0.475	0.589	0.607	0.603	0.561	0.523	0.552	0.591	0.170	0.610	0.173	0.584	0.170	0.337	0.036	0.377	0.036
9:44:49	25.1	0.035	0.385	0.485	0.477	0.521	0.482	0.479	0.490	0.605	0.624	0.620	0.580	0.534	0.572	0.611	0.181	0.628	0.187	0.609	0.183	0.372	0.035	0.374	0.036
9:59:49	25.1	0.035	0.426	0.499	0.497	0.541	0.492	0.498	0.518	0.616	0.643	0.632	0.599	0.549	0.589	0.631	0.193	0.645	0.200	0.628	0.198	0.432	0.036	0.390	0.036
10:14:49	25.1	0.035	0.430	0.503	0.510	0.544	0.513	0.491	0.521	0.634	0.661	0.643	0.614	0.575	0.606	0.646	0.206	0.663	0.215	0.647	0.214	0.449	0.036	0.469	0.036
10:29:49	25.1	0.035	0.424	0.512	0.518	0.560	0.535	0.517	0.538	0.646	0.680	0.657	0.631	0.573	0.622	0.663	0.219	0.678	0.229	0.665	0.229	0.464	0.036	0.425	0.036
10:44:49	25.1	0.035	0.428	0.516	0.527	0.563	0.547	0.524	0.556	0.669	0.697	0.676	0.647	0.582	0.637	0.680	0.233	0.696	0.246	0.678	0.245	0.443	0.036	0.474	0.036
10:59:49	25.1	0.035	0.469	0.544	0.536	0.571	0.553	0.495	0.567	0.679	0.714	0.716	0.662	0.592	0.653	0.696	0.247	0.710	0.266	0.696	0.267	0.503	0.036	0.502	0.036
11:14:49	25.1	0.035	0.469	0.545	0.547	0.589	0.566	0.508	0.598	0.694	0.730	0.724	0.679	0.606	0.669	0.710	0.264	0.722	0.285	0.712	0.286	0.554	0.036	0.501	0.036
11:29:49	25.1	0.035	0.499	0.555	0.567	0.601	0.577	0.523	0.600	0.718	0.748	0.717	0.693	0.613	0.685	0.724	0.284	0.737	0.308	0.726	0.305	0.493	0.036	0.495	0.036
11:44:49	25.0	0.035	0.532	0.557	0.574	0.655	0.582	0.520	0.611	0.733	0.764	0.730	0.708	0.624	0.699	0.740	0.299	0.753	0.328	0.737	0.330	0.523	0.036	0.519	0.036
11:59:49	25.0	0.035	0.523	0.594	0.584	0.615	0.602	0.539	0.649	0.744	0.779	0.800	0.723	0.658	0.717	0.754	0.319	0.767	0.349	0.748	0.348	0.520	0.036	0.544	0.036
12:14:49	25.0	0.035	0.511	0.609	0.605	0.613	0.620	0.573	0.629	0.754	0.795	0.749	0.735	0.674	0.730	0.768	0.340	0.779	0.372	0.764	0.372	0.540	0.036	0.520	0.036
12:29:49	25.0	0.035	0.542	0.632	0.621	0.606	0.620	0.576	0.637	0.791	0.810	0.770	0.751	0.675	0.746	0.778	0.359	0.791	0.392	0.770	0.393	0.574	0.036	0.565	0.036
12:44:49	25.0	0.035	0.526	0.644	0.638	0.641	0.620	0.547	0.652	0.776	0.825	0.787	0.763	0.676	0.759	0.792	0.377	0.805	0.414	0.781	0.414	0.569	0.036	0.534	0.036
12:59:49	25.0	0.035	0.581	0.618	0.666	0.658	0.674	0.560	0.659	0.788	0.837	0.801	0.773	0.691	0.772	0.802	0.398	0.819	0.438	0.794	0.427	0.572	0.036	0.573	0.036
13:14:49	25.0	0.035	0.567	0.624	0.670	0.682	0.672	0.564	0.682	0.799	0.852	0.828	0.789	0.702	0.785	0.814	0.417	0.835	0.459	0.801	0.448	0.593	0.036	0.579	0.036
13:29:49	25.0	0.035	0.538	0.658	0.687	0.675	0.698	0.553	0.700	0.807	0.865	0.802	0.800	0.722	0.797	0.835	0.427	0.850	0.474	0.817	0.469	0.618	0.036	0.583	0.036
13:44:49	25.0	0.035	0.563	0.626	0.733	0.686	0.693	0.601	0.686	0.810	0.878	0.818	0.812	0.724	0.812	0.846	0.449	0.863	0.492	0.824	0.479	0.615	0.036	0.582	0.036
13:59:49	25.0	0.035	0.574	0.608	0.735	0.708	0.680	0.579	0.713	0.844	0.891	0.802	0.824	0.709	0.823	0.861	0.465	0.875	0.512	0.838	0.500	0.636	0.036	0.618	0.036
14:14:49	25.0	0.035	0.602	0.622	0.750	0.696	0.618	0.578	0.679	0.867	0.904	0.814	0.836	0.702	0.835	0.875	0.482	0.896	0.527	0.843	0.511	0.653	0.036	0.627	0.036
14:29:49	25.0	0.035	0.575	0.626	0.747	0.741	0.611	0.563	0.681	0.818	0.916	0.818	0.850	0.670	0.847	0.890	0.494	0.912	0.538	0.859	0.526	0.688	0.036	0.677	0.036
14:44:49	25.0	0.035	0.659	0.617	0.729	0.686	0.636	0.518	0.659	0.844	0.926	0.814	0.857	0.633	0.859	0.908	0.510	0.925	0.552	0.868	0.532	0.713	0.036	0.701	0.036
14:59:49	25.0	0.035	0.640	0.627	0.735	0.699	0.570	0.550	0.664	0.832	0.939	0.810	0.871	0.646	0.871	0.924	0.522	0.942	0.568	0.877	0.543	0.723	0.036	0.708	0.036
15:14:49	25.0	0.035	0.646	0.612	0.742	0.628	0.605	0.516	0.633	0.827	0.950	0.840	0.880	0.622	0.883	0.946	0.536	0.958	0.581	0.895	0.560	0.715	0.036	0.715	0.036
15:29:49	25.0	0.035	0.616	0.598	0.703	0.632	0.753	0.559	0.639	0.818	0.961	0.795	0.890	0.573	0.894	0.963	0.549	0.975	0.594	0.902	0.571	0.721	0.036	0.676	0.036
15:44:49	25.0	0.035	0.655	0.607	0.705	0.590	0.620	0.484	0.622	0.815	0.973	0.764	0.904	0.576	0.906	0.973	0.562	0.992	0.607	0.909	0.578	0.684	0.036	0.682	0.036
15:59:49	25.0	0.035	0.600	0.573	0.714	0.635	0.585	0.469	0.606	0.763	0.984	0.743	0.916	0.548	0.918	0.988	0.575	1.003	0.623	0.920	0.594	0.679	0.036	0.652	0.036
16:14:49	25.0	0.035	0.608	0.676	0.725	0.600	0.560	0.685	0.613	0.761	0.996	0.739	0.924	0.701	0.928	0.998	0.589	1.019	0.633	0.926	0.604	0.714	0.036	0.631	0.036
16:29:49	25.0	0.035	0.622	0.602	0.666	0.660	0.619	0.540	0.594	0.725	1.004	0.763	0.935	0.487	0.940	1.010	0.600	1.024	0.645	0.932	0.613	0.638	0.036	0.583	0.036
16:44:49	25.0	0.035	0.655	0.620	0.653	0.591	1.107	0.673	0.597	0.716	1.010	0.713	0.942	0.485	0.949	1.017	0.612	1.031	0.658	0.941	0.620	0.610	0.036	0.596	0.036
16:59:49	25.0	0.035	0.629	0.616	0.645	0.574	1.060	0.528	0.578	0.716	1.010	0.720	0.952	0.467	0.960	1.014	0.625	1.035	0.666	0.938	0.632	0.571	0.036	0.560	0.036
17:14:49	25.0	0.035	0.564	0.530	0.661	0.778	1.464	1.223	0.581	0.686	1.010	0.668	0.954	0.694	0.966	1.017	0.638	1.036	0.680	0.950	0.637	0.622	0.036	0.586	0.036
17:29:49	25.0	0.035	0.596	0.537	0.744	0.731	1.327	0.631	0.593	0.677	1.007	0.737	0.961	0.618	0.972	1.024	0.648	1.047	0.692	0.955	0.644	0.602	0.036	0.496	0.036
17:44:49	25.0	0.035	0.550	0.573	0.727	0.649	1.010	0.509	0.626	0.665	1.007	0.658	0.959	1.328	0.972	1.020	0.658	1.041	0.701	0.953	0.651	0.534	0.036	0.525	0.036
17:59:49	25.0	0.035	0.627	0.550	0.722	0.539	1.287	0.520	0.638	0.722	1.003	0.646	0.958	1.291	0.972	1.025	0.669	1.042	0.714	0.950	0.665	0.615	0.036	0.595	0.036
18:14:49	25.0	0.035	0.800	1.301	0.795	0.541	1.249	0.912	0.737	0.690	1.000	0.664	0.954	1.009	0.970	1.030	0.684	1.043	0.722	0.941	0.663	0.551	0.036	0.566	0.036
18:29:49	25.0	0.035	0.679	1.148	0.697	0.641	1.161	0.527	0.660	0.632	0.996	0.607	0.950	0.774	0.967	1.032	0.693	1.046	0.737	0.942	0.677	0.564	0.036	0.494	0.036
18:44:49	25.0	0.035	0.668	1.189	0.722	0.682	1.254	0.543	0.625	0.627	0.992	0.570	0.948	1.279	0.965	1.032	0.702	1.051	0.745	0.934	0.685	0.599	0.036	0.470	0.036
18:59:49	25.0	0.035	0.493	0.577	0.832	0.531	1.246	0.529	0.608	1.250	0.992	0.558	0.942	0.946	0.961	1.037	0.721	1.059	0.756	0.928	0.700	1.233	0.036	0.543	0.036
19:14:49	25.0	0.035	1.144	1.095	1.043	0.823	1.232	1.084	0.743	1.145	0.988	0.713	0.942	0.916	0.957	1.039	0.730	1.053	0.767	0.924	0.701	0.914	0.036	0.515	0.036
19:29:49	25.0	0.035	1.227	0.510	1.212	0.612	0.697	0.503	0.635	0.666	0.985	1.099	0.940	0.844	0.955	1.039	0.735	1.055	0.774	0.921	0.720	0.738	0.036	0.510	0.036
19:44:49	25.0	0.035	0.586	0.620	0.775	0.483	0.998	0.686	1.001	0.858	0.982	0.583	0.936	1.296	0.952	1.048	0.745	1.065	0.786	0.916	0.729	0.613	0.036	0.519	0.036
19:59:49	25.0	0.035	0.742	0.813	0.720	0.699	1.452	0.807	0.579	1.517	0.978	0.593	0.935	1.007	0.948	1.055	0.759	1.069	0.799	0.917	0.738	0.649	0.036	0.597	0.036
20:14:49	25.0	0.035	0.878	1.095	0.664	0.552	1.025	0.669	0.641	1.073	0.976	0.605	0.931	1.158	0.947	1.062	0.766	1.079	0.807	0.910	0.750	1.516	0.036	0.698	0.036
20:29:49	25.0	0.035	0.767	0.631	0.589	1.148	0.690	1.012	0.624	1.106	0.973	0.593	0.930	1.300	0.944	1.071	0.780	1.089	0.815	0.912	0.755	0.863	0.036	0.644	0.036
20:44:49	25.0	0.035	0.791	0.618	0.570	0.477	0.887	0.530	0.933	0.943	0.969	1.299	0.923	1.015	0.942	1.084	0.790	1.095	0.827	0.909	0.771	0.845	0.036	0.638	0.036
20:59:49	25.1	0.035	0.605	1.010	0.625	0.629	0.961	0.543	0.925	1.271	0.967	1.091	0.920	0.498	0.938	1.088	0.795	1.098	0.836	0.908	0.787	0.663	0.036	0.650	0.036
21:14:49	25.1	0.035	0.702	0.744	0.835	0.680	1.021	0.484	0.604	1.216	0.963	0.885	0.922	0.541	0.936	1.095	0.804	1.108	0.838	0.905	0.791	1.021	0.036	0.634	0.036
21:29:49	25.1	0.035	0.867	1.002	0.545	0.554	0.745	0.497	0.634	1.306	0.961	1.039	0.915	0.740	0.932	1.100	0.816	1.117	0.852	0.908	0.816	1.090	0.036	0.649	0.036
21:44:49	25.1	0.035	0.607	0.628	0.636	0.585	1.398	0.503	0.943	1.259	0.955	1.093	0.916	0.510	0.928	1.109	0.826	1.123	0.857	0.908	0.820	0.864	0.036	0.606	0.036
21:59:49	25.1	0.035	0.715	0.645	0.642	0.550	1.273	0.587	0.647	1.281	0.953	0.603	0.917	1.294	0.924	1.116	0.839	1.129	0.865	0.908	0.839	1.203	0.036	0.621	0.036
22:14:49	25.1	0.035	1.091	0.990	1.071	0.487	1.339	0.680	0.767	0.747	0.948	0.461	0.908	0.474	0.922	1.122	0.841	1.136	0.869	0.906	0.846	1.471	0.036	0.678	0.036
22:29:49	25.1	0.035	0.666	0.641	0.607	0.619	0.522	0.473	1.219	1.117	0.946	1.530	0.902	0.886	0.917	1.125	0.858	1.142	0.874	0.905	0.853	1.223	0.036	0.647	0.036
22:44:49	25.1	0.035	0.989	0.680	0.578	0.585	0.764	0.608	0.487	1.236	0.941	0.961	0.898	0.886	0.915	1.132	0.859	1.144	0.881	0.906	0.863	1.208	0.036	0.592	0.036
22:59:49	25.1	0.035	0.781	0.815	1.058	0.846	0.645	0.498	1.024	1.140	0.937	0.627	0.894	1.180	0.913	1.132	0.872	1.146	0.891	0.908	0.876	1.389	0.036	0.589	0.036
23:14:49	25.1	0.035	0.656	0.462	0.648	0.581	0.617	0.651	0.975	1.310	0.933	0.749	0.898	0.528	0.908	1.137	0.880	1.152	0.905	0.910	0.881	0.732	0.036	0.651	0.036
23:29:49	25.1	0.035	0.551	0.513	0.651	0.716	0.647	0.517	0.534	1.254	0.927	0.505	0.894	0.517	0.905	1.139	0.889	1.149	0.908	0.916	0.890	1.160	0.036	0.599	0.036
23:44:49	25.1	0.035	0.969	0.627	0.527	0.476	0.582	0.558	0.736	1.018	0.924	1.105	0.893	0.811	0.902	1.140	0.895	1.155	0.921	0.919	0.898	0.884	0.036	0.668	0.036
23:59:49	25.1	0.035	0.577	0.624	0.510	0.641	1.116	0.968	0.877	0.528	0.920	0.876	0.886	0.643	0.899	1.142	0.901	1.157	0.927	0.918	0.908	1.277	0.036	0.597	0.036
24:14:49	25.1	0.035	0.996	0.614	0.762	0.892	0.872	0.541	0.748	1.004	0.918	0.582	0.881	0.960	0.896	1.143	0.907	1.155	0.936	0.922	0.912	0.948	0.036	0.924	0.036
