Time	Temp_C	blank_water_1	L0P4-100_1	L0P1-100_2	L0P5-100_2	L0P1-100_3	L0P5-100_3	L0P1-100_1	L0P5-100_1	L0P2-100_2	L1P1-200_2	L0P2-100_3	L1P1-200_3	L0P2-100_1	L1P1-200_1	L0P3-100_2	L1P2-200_2	L0P3-100_3	L1P2-200_3	L0P3-100_1	L1P2-200_1	L0P4-100_2	blank_media_1	L0P4-100_3	blank_water_2
0:00:00	25.2	0.037	0.047	0.065	0.043	0.043	0.044	0.045	0.043	0.044	0.044	0.042	0.045	0.042	0.044	0.044	0.043	0.044	0.043	0.041	0.044	0.043	0.034	0.046	0.034
0:15:23	25.1	0.037	0.046	0.043	0.045	0.045	0.046	0.045	0.044	0.046	0.046	0.045	0.047	0.044	0.045	0.046	0.044	0.045	0.043	0.043	0.044	0.044	0.035	0.047	0.035
0:30:48	25.1	0.037	0.047	0.045	0.047	0.047	0.048	0.046	0.045	0.047	0.047	0.046	0.047	0.045	0.045	0.048	0.044	0.047	0.043	0.044	0.045	0.045	0.035	0.048	0.035
0:46:12	25.1	0.037	0.048	0.046	0.048	0.048	0.049	0.047	0.046	0.048	0.047	0.047	0.047	0.046	0.046	0.049	0.045	0.048	0.044	0.045	0.047	0.046	0.035	0.049	0.035
1:01:37	25.1	0.037	0.049	0.047	0.049	0.049	0.050	0.048	0.047	0.049	0.049	0.048	0.048	0.047	0.047	0.050	0.045	0.049	0.044	0.046	0.047	0.047	0.035	0.050	0.035
1:17:02	25.1	0.037	0.051	0.049	0.051	0.050	0.052	0.050	0.049	0.051	0.049	0.050	0.049	0.048	0.048	0.052	0.047	0.051	0.045	0.047	0.048	0.049	0.035	0.051	0.035
1:32:26	25.1	0.037	0.052	0.051	0.053	0.052	0.054	0.052	0.050	0.052	0.050	0.052	0.051	0.050	0.050	0.054	0.048	0.053	0.047	0.050	0.048	0.050	0.035	0.053	0.035
1:47:51	25.1	0.037	0.054	0.053	0.055	0.055	0.056	0.054	0.053	0.054	0.053	0.054	0.052	0.052	0.051	0.056	0.049	0.055	0.048	0.051	0.049	0.052	0.035	0.056	0.035
2:03:15	25.1	0.037	0.057	0.057	0.058	0.058	0.059	0.056	0.055	0.057	0.054	0.057	0.057	0.054	0.052	0.060	0.051	0.058	0.049	0.054	0.051	0.054	0.035	0.058	0.035
2:18:40	25.1	0.037	0.061	0.060	0.061	0.062	0.063	0.060	0.058	0.060	0.056	0.061	0.055	0.057	0.053	0.064	0.050	0.062	0.050	0.057	0.053	0.057	0.035	0.062	0.035
2:34:05	25.1	0.037	0.066	0.065	0.066	0.066	0.069	0.065	0.062	0.064	0.059	0.066	0.058	0.060	0.056	0.069	0.052	0.066	0.051	0.061	0.053	0.061	0.035	0.067	0.035
2:49:29	25.1	0.037	0.072	0.071	0.072	0.073	0.074	0.070	0.067	0.070	0.062	0.071	0.061	0.064	0.059	0.074	0.054	0.072	0.053	0.066	0.056	0.066	0.036	0.072	0.035
3:04:54	25.1	0.037	0.079	0.078	0.078	0.080	0.082	0.077	0.074	0.076	0.066	0.078	0.064	0.069	0.062	0.081	0.056	0.079	0.057	0.071	0.059	0.071	0.035	0.078	0.035
3:20:19	25.1	0.037	0.089	0.087	0.087	0.088	0.091	0.085	0.082	0.083	0.072	0.086	0.068	0.075	0.065	0.088	0.060	0.087	0.060	0.078	0.063	0.078	0.036	0.086	0.035
3:35:43	25.1	0.037	0.099	0.096	0.097	0.098	0.102	0.094	0.091	0.092	0.075	0.096	0.072	0.081	0.069	0.097	0.065	0.096	0.064	0.086	0.067	0.086	0.036	0.095	0.035
3:51:07	25.1	0.037	0.110	0.107	0.109	0.110	0.114	0.105	0.102	0.103	0.082	0.107	0.078	0.089	0.074	0.105	0.070	0.107	0.069	0.096	0.071	0.096	0.035	0.105	0.035
4:06:32	25.1	0.037	0.125	0.122	0.122	0.124	0.129	0.119	0.115	0.115	0.089	0.119	0.084	0.099	0.080	0.117	0.076	0.122	0.074	0.107	0.077	0.107	0.035	0.117	0.035
4:21:57	25.1	0.037	0.141	0.139	0.138	0.141	0.146	0.135	0.130	0.129	0.096	0.134	0.090	0.109	0.087	0.132	0.083	0.138	0.080	0.120	0.083	0.120	0.036	0.131	0.035
4:37:21	25.1	0.037	0.161	0.160	0.157	0.162	0.167	0.155	0.147	0.146	0.104	0.154	0.097	0.121	0.094	0.149	0.090	0.158	0.086	0.138	0.090	0.136	0.035	0.147	0.035
4:52:46	25.1	0.037	0.183	0.185	0.181	0.186	0.191	0.181	0.170	0.168	0.116	0.176	0.106	0.138	0.103	0.169	0.099	0.181	0.095	0.155	0.098	0.156	0.036	0.168	0.035
5:08:11	25.1	0.037	0.212	0.210	0.207	0.212	0.220	0.208	0.193	0.192	0.128	0.204	0.117	0.156	0.114	0.191	0.110	0.207	0.103	0.181	0.109	0.178	0.036	0.189	0.036
5:23:35	25.1	0.037	0.244	0.238	0.232	0.238	0.242	0.235	0.217	0.218	0.142	0.231	0.129	0.177	0.128	0.216	0.122	0.234	0.116	0.208	0.123	0.204	0.036	0.216	0.036
5:39:00	25.1	0.037	0.274	0.267	0.258	0.261	0.267	0.262	0.245	0.245	0.159	0.262	0.144	0.201	0.143	0.239	0.139	0.260	0.131	0.236	0.139	0.230	0.036	0.238	0.035
5:54:24	25.1	0.037	0.302	0.293	0.284	0.286	0.293	0.287	0.270	0.271	0.179	0.291	0.164	0.225	0.161	0.264	0.158	0.286	0.149	0.265	0.156	0.258	0.036	0.266	0.036
6:09:49	25.0	0.037	0.333	0.319	0.310	0.312	0.318	0.317	0.292	0.297	0.202	0.316	0.186	0.249	0.183	0.286	0.178	0.312	0.166	0.293	0.177	0.283	0.036	0.290	0.035
6:25:14	25.1	0.037	0.361	0.348	0.335	0.341	0.346	0.342	0.320	0.323	0.225	0.344	0.203	0.271	0.205	0.312	0.198	0.340	0.190	0.319	0.198	0.309	0.036	0.317	0.036
6:40:38	25.1	0.037	0.388	0.371	0.359	0.361	0.367	0.365	0.344	0.344	0.249	0.367	0.225	0.299	0.228	0.332	0.223	0.363	0.208	0.349	0.220	0.337	0.036	0.341	0.036
6:56:03	25.1	0.037	0.411	0.391	0.379	0.379	0.381	0.390	0.367	0.364	0.273	0.387	0.243	0.318	0.249	0.351	0.249	0.382	0.233	0.365	0.243	0.360	0.036	0.357	0.036
7:11:28	25.1	0.037	0.430	0.410	0.396	0.398	0.394	0.401	0.380	0.382	0.294	0.405	0.263	0.338	0.269	0.370	0.273	0.404	0.259	0.389	0.269	0.379	0.036	0.377	0.036
7:26:52	25.1	0.037	0.443	0.428	0.413	0.416	0.415	0.424	0.399	0.401	0.314	0.428	0.282	0.354	0.289	0.390	0.299	0.419	0.283	0.413	0.286	0.400	0.036	0.396	0.036
7:42:17	25.1	0.037	0.474	0.447	0.427	0.432	0.423	0.441	0.410	0.418	0.333	0.443	0.300	0.370	0.307	0.409	0.320	0.439	0.305	0.429	0.313	0.417	0.036	0.413	0.036
7:57:41	25.1	0.037	0.485	0.464	0.443	0.448	0.435	0.462	0.429	0.433	0.348	0.463	0.314	0.387	0.324	0.424	0.339	0.455	0.322	0.444	0.331	0.438	0.036	0.433	0.036
8:13:06	25.1	0.037	0.500	0.477	0.455	0.460	0.454	0.476	0.441	0.448	0.366	0.478	0.328	0.398	0.339	0.435	0.357	0.467	0.340	0.455	0.345	0.452	0.036	0.441	0.036
8:28:31	25.1	0.037	0.516	0.489	0.469	0.471	0.460	0.491	0.452	0.460	0.380	0.489	0.343	0.416	0.354	0.447	0.374	0.477	0.360	0.471	0.360	0.467	0.036	0.454	0.036
8:43:55	25.1	0.037	0.528	0.500	0.481	0.481	0.469	0.501	0.469	0.470	0.395	0.501	0.357	0.429	0.370	0.460	0.391	0.488	0.373	0.482	0.380	0.481	0.036	0.464	0.036
8:59:20	25.1	0.037	0.537	0.510	0.486	0.491	0.471	0.502	0.480	0.481	0.412	0.508	0.368	0.439	0.384	0.471	0.405	0.498	0.388	0.497	0.394	0.491	0.036	0.475	0.036
9:14:44	25.1	0.037	0.538	0.518	0.501	0.498	0.481	0.524	0.487	0.489	0.425	0.519	0.385	0.450	0.401	0.478	0.420	0.507	0.397	0.509	0.409	0.501	0.036	0.485	0.036
9:30:09	25.2	0.037	0.541	0.525	0.507	0.505	0.488	0.527	0.495	0.497	0.439	0.522	0.401	0.459	0.419	0.486	0.436	0.514	0.418	0.511	0.421	0.509	0.036	0.493	0.036
9:45:33	25.2	0.037	0.552	0.533	0.515	0.512	0.492	0.540	0.508	0.503	0.449	0.532	0.411	0.466	0.431	0.496	0.448	0.518	0.432	0.522	0.435	0.522	0.036	0.500	0.036
10:00:58	25.2	0.037	0.552	0.539	0.522	0.519	0.504	0.548	0.512	0.511	0.458	0.537	0.421	0.473	0.443	0.503	0.457	0.525	0.443	0.531	0.447	0.530	0.036	0.506	0.036
10:16:22	25.2	0.037	0.567	0.546	0.525	0.525	0.507	0.554	0.523	0.517	0.469	0.544	0.434	0.483	0.454	0.509	0.468	0.531	0.453	0.534	0.465	0.535	0.036	0.513	0.036
10:31:47	25.2	0.037	0.569	0.551	0.532	0.530	0.505	0.556	0.528	0.524	0.475	0.546	0.445	0.488	0.464	0.515	0.477	0.539	0.462	0.544	0.478	0.542	0.036	0.519	0.036
10:47:11	25.2	0.038	0.573	0.556	0.537	0.536	0.508	0.566	0.529	0.530	0.483	0.554	0.454	0.495	0.474	0.524	0.484	0.546	0.474	0.547	0.490	0.549	0.036	0.527	0.036
11:02:36	25.2	0.037	0.577	0.564	0.541	0.542	0.513	0.579	0.537	0.537	0.490	0.559	0.465	0.503	0.484	0.530	0.495	0.549	0.482	0.557	0.501	0.556	0.036	0.530	0.036
11:18:01	25.2	0.038	0.584	0.568	0.543	0.548	0.520	0.582	0.545	0.543	0.500	0.565	0.476	0.507	0.489	0.539	0.501	0.556	0.492	0.555	0.507	0.567	0.036	0.537	0.037
11:33:25	25.2	0.038	0.589	0.575	0.544	0.553	0.516	0.583	0.546	0.550	0.507	0.568	0.486	0.513	0.497	0.543	0.508	0.561	0.498	0.569	0.520	0.573	0.036	0.542	0.037
11:48:50	25.2	0.038	0.597	0.580	0.547	0.558	0.533	0.593	0.552	0.555	0.514	0.576	0.496	0.517	0.501	0.548	0.515	0.566	0.509	0.574	0.524	0.576	0.036	0.548	0.036
12:04:14	25.2	0.038	0.596	0.586	0.550	0.564	0.536	0.600	0.563	0.561	0.519	0.578	0.507	0.520	0.506	0.553	0.524	0.573	0.519	0.576	0.536	0.587	0.036	0.553	0.037
12:19:39	25.2	0.038	0.605	0.591	0.552	0.571	0.542	0.603	0.564	0.568	0.524	0.582	0.518	0.528	0.511	0.562	0.531	0.580	0.526	0.584	0.540	0.590	0.036	0.559	0.037
12:35:03	25.2	0.038	0.613	0.597	0.554	0.577	0.548	0.612	0.567	0.574	0.531	0.590	0.530	0.532	0.518	0.568	0.537	0.588	0.529	0.588	0.545	0.597	0.036	0.566	0.037
12:50:28	25.2	0.037	0.618	0.603	0.557	0.584	0.551	0.618	0.575	0.580	0.536	0.595	0.538	0.538	0.524	0.574	0.545	0.592	0.549	0.595	0.550	0.604	0.036	0.571	0.037
13:05:53	25.2	0.038	0.631	0.610	0.560	0.591	0.562	0.623	0.578	0.587	0.542	0.598	0.546	0.540	0.531	0.582	0.552	0.602	0.549	0.606	0.559	0.606	0.036	0.576	0.037
13:21:17	25.2	0.038	0.634	0.618	0.562	0.597	0.579	0.623	0.585	0.594	0.548	0.610	0.555	0.545	0.537	0.589	0.562	0.609	0.556	0.606	0.567	0.620	0.036	0.581	0.037
13:36:42	25.2	0.038	0.636	0.624	0.566	0.605	0.576	0.633	0.585	0.602	0.554	0.614	0.564	0.548	0.544	0.597	0.571	0.615	0.568	0.611	0.576	0.627	0.036	0.587	0.037
13:52:06	25.2	0.038	0.642	0.631	0.570	0.613	0.583	0.642	0.589	0.610	0.561	0.618	0.573	0.552	0.551	0.608	0.583	0.625	0.572	0.621	0.576	0.631	0.036	0.593	0.037
14:07:31	25.2	0.038	0.654	0.640	0.575	0.621	0.593	0.648	0.599	0.619	0.567	0.628	0.577	0.557	0.557	0.615	0.589	0.634	0.575	0.627	0.586	0.640	0.036	0.599	0.037
14:22:56	25.2	0.038	0.656	0.650	0.580	0.631	0.591	0.653	0.602	0.627	0.572	0.635	0.584	0.561	0.560	0.626	0.597	0.645	0.584	0.626	0.596	0.645	0.036	0.605	0.037
14:38:21	25.2	0.038	0.663	0.656	0.587	0.639	0.602	0.666	0.608	0.636	0.579	0.642	0.592	0.566	0.568	0.636	0.606	0.651	0.589	0.629	0.600	0.651	0.036	0.613	0.037
14:53:45	25.2	0.038	0.674	0.664	0.593	0.650	0.610	0.671	0.614	0.645	0.586	0.649	0.596	0.568	0.574	0.646	0.615	0.663	0.598	0.638	0.607	0.659	0.035	0.620	0.037
15:09:10	25.2	0.038	0.679	0.673	0.601	0.658	0.615	0.672	0.619	0.654	0.592	0.657	0.605	0.573	0.578	0.657	0.624	0.671	0.606	0.634	0.609	0.669	0.035	0.628	0.037
15:24:34	25.2	0.038	0.689	0.681	0.608	0.664	0.626	0.687	0.624	0.663	0.600	0.666	0.612	0.577	0.586	0.667	0.633	0.680	0.605	0.647	0.620	0.680	0.036	0.636	0.037
15:39:59	25.2	0.038	0.694	0.689	0.616	0.674	0.629	0.692	0.630	0.671	0.607	0.674	0.619	0.584	0.589	0.676	0.639	0.687	0.613	0.645	0.625	0.686	0.035	0.642	0.037
15:55:24	25.3	0.038	0.704	0.698	0.621	0.680	0.641	0.702	0.633	0.679	0.614	0.682	0.627	0.591	0.597	0.684	0.650	0.697	0.616	0.654	0.627	0.697	0.036	0.649	0.037
16:10:49	25.3	0.038	0.715	0.701	0.633	0.690	0.642	0.709	0.641	0.686	0.622	0.690	0.637	0.594	0.603	0.692	0.660	0.701	0.629	0.663	0.635	0.705	0.035	0.658	0.037
16:26:13	25.2	0.038	0.724	0.708	0.641	0.699	0.656	0.718	0.651	0.696	0.630	0.697	0.642	0.605	0.611	0.699	0.666	0.711	0.633	0.663	0.643	0.718	0.035	0.663	0.037
16:41:38	25.2	0.038	0.728	0.714	0.650	0.707	0.665	0.725	0.658	0.704	0.637	0.706	0.652	0.611	0.619	0.706	0.674	0.714	0.641	0.671	0.641	0.721	0.035	0.670	0.037
16:57:03	25.2	0.038	0.735	0.720	0.659	0.714	0.670	0.731	0.667	0.712	0.645	0.713	0.663	0.616	0.624	0.712	0.685	0.725	0.652	0.673	0.663	0.731	0.035	0.677	0.037
17:12:27	25.2	0.038	0.744	0.725	0.669	0.720	0.666	0.737	0.676	0.717	0.651	0.719	0.669	0.625	0.634	0.719	0.695	0.732	0.663	0.678	0.662	0.731	0.035	0.684	0.037
17:27:52	25.2	0.038	0.744	0.732	0.678	0.726	0.682	0.746	0.682	0.723	0.658	0.725	0.676	0.633	0.643	0.723	0.701	0.738	0.669	0.682	0.672	0.720	0.036	0.692	0.037
17:43:17	25.2	0.038	0.749	0.737	0.686	0.733	0.687	0.752	0.693	0.731	0.663	0.730	0.682	0.640	0.650	0.728	0.712	0.742	0.674	0.689	0.686	0.730	0.036	0.696	0.037
17:58:41	25.2	0.039	0.754	0.743	0.695	0.741	0.697	0.757	0.700	0.738	0.670	0.738	0.692	0.652	0.656	0.733	0.713	0.746	0.679	0.692	0.691	0.741	0.035	0.703	0.037
18:14:06	25.2	0.039	0.758	0.749	0.702	0.748	0.706	0.765	0.705	0.743	0.676	0.745	0.696	0.660	0.666	0.738	0.725	0.752	0.685	0.698	0.701	0.746	0.035	0.706	0.037
18:29:30	25.2	0.039	0.764	0.754	0.710	0.753	0.714	0.769	0.714	0.749	0.683	0.749	0.700	0.665	0.673	0.743	0.728	0.756	0.693	0.701	0.708	0.754	0.035	0.712	0.037
18:44:55	25.2	0.039	0.768	0.760	0.716	0.758	0.720	0.780	0.720	0.755	0.690	0.754	0.702	0.676	0.677	0.748	0.733	0.765	0.700	0.706	0.717	0.760	0.035	0.717	0.037
19:00:20	25.2	0.039	0.771	0.765	0.721	0.766	0.726	0.785	0.728	0.759	0.698	0.760	0.699	0.683	0.684	0.752	0.740	0.768	0.707	0.708	0.721	0.764	0.035	0.721	0.037
19:15:44	25.2	0.039	0.774	0.770	0.727	0.772	0.725	0.792	0.733	0.766	0.707	0.763	0.702	0.690	0.688	0.758	0.744	0.770	0.714	0.712	0.718	0.768	0.036	0.727	0.037
19:31:09	25.2	0.039	0.778	0.775	0.731	0.776	0.737	0.785	0.741	0.770	0.715	0.767	0.703	0.696	0.694	0.764	0.744	0.782	0.717	0.717	0.716	0.774	0.036	0.730	0.037
19:46:34	25.2	0.039	0.784	0.780	0.735	0.783	0.734	0.772	0.747	0.777	0.726	0.771	0.704	0.703	0.696	0.770	0.751	0.783	0.724	0.719	0.710	0.779	0.036	0.733	0.037
20:01:58	25.2	0.040	0.789	0.784	0.741	0.788	0.743	0.762	0.747	0.779	0.739	0.777	0.706	0.709	0.702	0.776	0.746	0.789	0.726	0.722	0.699	0.783	0.035	0.738	0.037
20:17:23	25.2	0.039	0.790	0.789	0.745	0.789	0.748	0.757	0.755	0.786	0.752	0.780	0.708	0.715	0.707	0.783	0.748	0.788	0.728	0.724	0.686	0.785	0.035	0.744	0.037
20:32:47	25.2	0.039	0.792	0.793	0.752	0.793	0.752	0.754	0.756	0.790	0.764	0.783	0.712	0.720	0.713	0.788	0.750	0.794	0.733	0.725	0.684	0.790	0.036	0.748	0.037
20:48:12	25.1	0.039	0.793	0.798	0.757	0.800	0.765	0.750	0.766	0.795	0.774	0.787	0.714	0.728	0.718	0.795	0.756	0.804	0.727	0.728	0.688	0.793	0.036	0.755	0.037
21:03:36	25.1	0.039	0.801	0.806	0.761	0.806	0.764	0.752	0.769	0.802	0.787	0.791	0.721	0.729	0.723	0.804	0.761	0.810	0.736	0.730	0.704	0.796	0.036	0.759	0.037
21:19:01	25.1	0.039	0.806	0.812	0.766	0.811	0.766	0.749	0.776	0.810	0.779	0.801	0.723	0.736	0.727	0.806	0.768	0.809	0.750	0.732	0.713	0.799	0.036	0.762	0.037
21:34:26	25.1	0.039	0.805	0.810	0.771	0.818	0.781	0.753	0.777	0.810	0.780	0.804	0.727	0.740	0.736	0.806	0.771	0.807	0.749	0.736	0.721	0.801	0.036	0.769	0.037
21:49:51	25.1	0.039	0.800	0.808	0.776	0.822	0.779	0.755	0.784	0.810	0.788	0.803	0.734	0.746	0.739	0.806	0.773	0.809	0.763	0.739	0.718	0.805	0.036	0.776	0.037
22:05:15	25.1	0.039	0.799	0.807	0.780	0.819	0.790	0.758	0.786	0.809	0.791	0.803	0.738	0.754	0.746	0.804	0.777	0.805	0.761	0.743	0.729	0.813	0.036	0.779	0.037
22:20:40	25.1	0.039	0.796	0.804	0.784	0.819	0.785	0.762	0.792	0.806	0.796	0.801	0.743	0.757	0.751	0.804	0.782	0.805	0.779	0.746	0.740	0.813	0.036	0.778	0.037
22:36:05	25.1	0.039	0.792	0.801	0.789	0.816	0.791	0.765	0.796	0.805	0.800	0.799	0.745	0.763	0.761	0.801	0.778	0.798	0.783	0.750	0.748	0.811	0.036	0.779	0.037
22:51:30	25.1	0.039	0.790	0.798	0.794	0.814	0.799	0.770	0.801	0.805	0.802	0.797	0.744	0.767	0.767	0.800	0.788	0.793	0.790	0.756	0.755	0.808	0.036	0.776	0.037
23:06:54	25.1	0.040	0.788	0.796	0.801	0.811	0.801	0.775	0.803	0.802	0.805	0.795	0.752	0.774	0.772	0.797	0.790	0.800	0.787	0.758	0.759	0.810	0.036	0.776	0.037
23:22:19	25.1	0.040	0.784	0.794	0.809	0.807	0.803	0.783	0.807	0.801	0.811	0.792	0.762	0.784	0.776	0.796	0.792	0.793	0.797	0.758	0.763	0.807	0.036	0.773	0.037
23:37:44	25.1	0.039	0.781	0.791	0.807	0.806	0.806	0.780	0.807	0.799	0.815	0.790	0.768	0.790	0.780	0.794	0.798	0.796	0.802	0.756	0.768	0.806	0.036	0.771	0.036
23:53:08	25.1	0.040	0.778	0.789	0.808	0.803	0.813	0.779	0.815	0.798	0.819	0.788	0.771	0.789	0.786	0.793	0.803	0.789	0.806	0.755	0.773	0.803	0.036	0.769	0.037
24:08:33	25.1	0.040	0.776	0.787	0.805	0.802	0.809	0.776	0.821	0.797	0.822	0.786	0.781	0.784	0.792	0.790	0.809	0.787	0.810	0.752	0.778	0.802	0.036	0.767	0.037
24:23:58	25.1	0.040	0.773	0.785	0.803	0.800	0.805	0.773	0.823	0.793	0.833	0.784	0.788	0.785	0.793	0.788	0.812	0.783	0.823	0.747	0.784	0.798	0.036	0.764	0.036
24:39:22	25.1	0.040	0.770	0.782	0.800	0.797	0.805	0.769	0.819	0.793	0.836	0.782	0.796	0.785	0.798	0.787	0.819	0.781	0.826	0.745	0.791	0.798	0.036	0.764	0.037
24:54:47	25.1	0.040	0.768	0.780	0.798	0.794	0.794	0.764	0.822	0.792	0.834	0.780	0.791	0.780	0.804	0.785	0.828	0.786	0.833	0.742	0.798	0.795	0.036	0.762	0.037
25:10:12	25.1	0.040	0.765	0.779	0.796	0.791	0.792	0.762	0.814	0.791	0.834	0.778	0.804	0.780	0.812	0.783	0.833	0.785	0.841	0.739	0.806	0.790	0.036	0.759	0.037
25:25:36	25.1	0.040	0.763	0.777	0.793	0.791	0.790	0.758	0.815	0.789	0.829	0.777	0.822	0.778	0.817	0.782	0.831	0.781	0.851	0.736	0.813	0.786	0.036	0.758	0.037
25:41:01	25.1	0.040	0.761	0.775	0.791	0.787	0.786	0.754	0.811	0.789	0.829	0.775	0.819	0.772	0.815	0.780	0.832	0.780	0.853	0.734	0.811	0.782	0.036	0.755	0.037
25:56:26	25.1	0.040	0.758	0.773	0.788	0.786	0.785	0.752	0.809	0.786	0.825	0.773	0.821	0.771	0.812	0.779	0.831	0.777	0.849	0.731	0.812	0.779	0.036	0.754	0.036
26:11:50	25.1	0.040	0.757	0.772	0.786	0.786	0.778	0.748	0.804	0.786	0.822	0.772	0.815	0.766	0.809	0.779	0.830	0.776	0.846	0.729	0.808	0.773	0.036	0.751	0.037
26:27:15	25.1	0.040	0.754	0.769	0.784	0.783	0.775	0.745	0.806	0.785	0.816	0.771	0.814	0.770	0.809	0.777	0.832	0.775	0.843	0.727	0.807	0.771	0.036	0.751	0.037
26:42:40	25.1	0.040	0.753	0.768	0.782	0.781	0.771	0.741	0.803	0.782	0.817	0.769	0.814	0.765	0.805	0.776	0.828	0.773	0.840	0.726	0.808	0.766	0.036	0.748	0.036
26:58:04	25.1	0.041	0.750	0.766	0.781	0.780	0.772	0.739	0.803	0.782	0.815	0.768	0.806	0.764	0.803	0.774	0.827	0.771	0.836	0.724	0.803	0.762	0.036	0.747	0.037
27:13:29	25.1	0.040	0.749	0.765	0.779	0.779	0.769	0.737	0.800	0.780	0.812	0.767	0.806	0.763	0.801	0.773	0.824	0.770	0.833	0.724	0.802	0.761	0.036	0.745	0.037
27:28:54	25.1	0.040	0.748	0.765	0.777	0.775	0.762	0.734	0.800	0.780	0.811	0.766	0.803	0.763	0.799	0.773	0.823	0.766	0.829	0.722	0.795	0.757	0.036	0.743	0.036
27:44:18	25.1	0.040	0.745	0.763	0.778	0.776	0.763	0.732	0.796	0.781	0.808	0.765	0.801	0.762	0.799	0.772	0.820	0.767	0.827	0.721	0.794	0.752	0.036	0.744	0.036
27:59:43	25.1	0.040	0.744	0.762	0.775	0.775	0.757	0.731	0.795	0.782	0.804	0.764	0.800	0.761	0.797	0.771	0.822	0.764	0.826	0.720	0.792	0.750	0.036	0.742	0.036
28:15:07	25.1	0.040	0.743	0.761	0.774	0.772	0.754	0.727	0.793	0.780	0.804	0.765	0.798	0.758	0.794	0.770	0.819	0.760	0.826	0.718	0.790	0.748	0.036	0.741	0.036
28:30:32	25.1	0.040	0.741	0.759	0.771	0.771	0.754	0.725	0.793	0.779	0.802	0.764	0.799	0.757	0.794	0.770	0.818	0.763	0.822	0.716	0.788	0.745	0.036	0.739	0.036
28:45:56	25.1	0.040	0.739	0.758	0.770	0.770	0.748	0.725	0.792	0.779	0.800	0.763	0.795	0.754	0.791	0.769	0.819	0.760	0.821	0.713	0.789	0.742	0.036	0.738	0.036
29:01:21	25.1	0.040	0.738	0.757	0.769	0.769	0.748	0.721	0.790	0.777	0.798	0.762	0.794	0.757	0.787	0.768	0.817	0.757	0.819	0.711	0.781	0.739	0.036	0.736	0.037
29:16:46	25.1	0.040	0.736	0.757	0.767	0.767	0.745	0.722	0.789	0.777	0.797	0.762	0.792	0.757	0.788	0.767	0.814	0.758	0.818	0.710	0.784	0.739	0.036	0.736	0.037
29:32:10	25.1	0.040	0.736	0.756	0.766	0.767	0.744	0.719	0.785	0.775	0.794	0.760	0.791	0.754	0.786	0.767	0.815	0.759	0.815	0.707	0.782	0.733	0.036	0.732	0.037
29:47:35	25.1	0.040	0.734	0.754	0.765	0.767	0.742	0.717	0.784	0.773	0.791	0.759	0.791	0.754	0.783	0.765	0.816	0.755	0.812	0.706	0.781	0.733	0.036	0.733	0.036
30:02:59	25.1	0.040	0.733	0.753	0.763	0.766	0.738	0.716	0.785	0.773	0.792	0.758	0.790	0.752	0.782	0.766	0.812	0.757	0.811	0.706	0.775	0.731	0.036	0.732	0.037
30:18:24	25.1	0.040	0.733	0.753	0.763	0.766	0.736	0.716	0.783	0.770	0.790	0.756	0.789	0.749	0.778	0.766	0.813	0.756	0.808	0.704	0.776	0.730	0.036	0.731	0.037
30:33:49	25.1	0.040	0.731	0.751	0.762	0.762	0.736	0.712	0.784	0.771	0.788	0.755	0.787	0.746	0.775	0.765	0.815	0.753	0.807	0.702	0.771	0.728	0.036	0.729	0.036
30:49:13	25.1	0.040	0.728	0.751	0.760	0.763	0.732	0.711	0.781	0.769	0.785	0.753	0.786	0.743	0.774	0.764	0.813	0.752	0.806	0.701	0.765	0.728	0.036	0.728	0.036
31:04:38	25.1	0.039	0.729	0.750	0.760	0.762	0.735	0.710	0.780	0.768	0.784	0.752	0.786	0.740	0.769	0.763	0.813	0.750	0.802	0.700	0.761	0.724	0.036	0.727	0.036
31:20:03	25.1	0.039	0.728	0.749	0.759	0.762	0.732	0.708	0.780	0.766	0.782	0.751	0.784	0.735	0.771	0.762	0.811	0.749	0.801	0.698	0.760	0.723	0.036	0.726	0.036
31:35:28	25.1	0.039	0.727	0.749	0.759	0.759	0.733	0.705	0.780	0.763	0.781	0.749	0.782	0.733	0.769	0.762	0.806	0.747	0.798	0.696	0.756	0.720	0.036	0.724	0.036
31:50:52	25.1	0.039	0.725	0.748	0.759	0.758	0.733	0.704	0.779	0.762	0.780	0.748	0.785	0.729	0.766	0.760	0.806	0.747	0.798	0.691	0.749	0.720	0.036	0.725	0.036
32:06:17	25.1	0.039	0.725	0.747	0.758	0.759	0.730	0.708	0.779	0.761	0.777	0.746	0.781	0.727	0.763	0.759	0.804	0.744	0.797	0.689	0.752	0.719	0.036	0.723	0.036
32:21:42	25.1	0.039	0.724	0.747	0.758	0.758	0.729	0.702	0.777	0.759	0.777	0.745	0.778	0.722	0.761	0.757	0.805	0.742	0.794	0.688	0.748	0.717	0.036	0.723	0.036
32:37:06	25.1	0.039	0.723	0.746	0.756	0.756	0.727	0.697	0.778	0.758	0.775	0.744	0.777	0.718	0.758	0.756	0.801	0.741	0.793	0.683	0.740	0.714	0.036	0.722	0.036
32:52:31	25.1	0.039	0.722	0.745	0.755	0.757	0.725	0.701	0.773	0.755	0.774	0.743	0.776	0.714	0.760	0.755	0.800	0.740	0.793	0.683	0.737	0.713	0.036	0.722	0.036
33:07:56	25.1	0.039	0.720	0.745	0.754	0.756	0.725	0.693	0.773	0.756	0.772	0.742	0.775	0.710	0.756	0.754	0.803	0.737	0.790	0.678	0.735	0.713	0.036	0.719	0.036
33:23:20	25.1	0.039	0.719	0.743	0.752	0.752	0.722	0.689	0.766	0.755	0.771	0.739	0.775	0.704	0.753	0.752	0.798	0.735	0.789	0.673	0.737	0.709	0.036	0.716	0.036
33:38:45	25.2	0.039	0.717	0.743	0.751	0.752	0.721	0.690	0.767	0.752	0.771	0.738	0.774	0.702	0.755	0.751	0.797	0.734	0.788	0.671	0.720	0.706	0.036	0.718	0.036
33:54:09	25.2	0.039	0.719	0.743	0.751	0.752	0.720	0.688	0.770	0.755	0.770	0.739	0.773	0.696	0.754	0.751	0.794	0.734	0.783	0.670	0.734	0.708	0.036	0.716	0.036
34:09:34	25.2	0.039	0.719	0.742	0.752	0.751	0.719	0.686	0.764	0.752	0.769	0.738	0.774	0.696	0.753	0.751	0.796	0.733	0.786	0.671	0.732	0.707	0.036	0.717	0.036
34:24:59	25.2	0.039	0.718	0.742	0.751	0.749	0.721	0.684	0.763	0.752	0.770	0.738	0.773	0.695	0.752	0.750	0.795	0.732	0.785	0.667	0.730	0.707	0.036	0.718	0.036
34:40:23	25.2	0.039	0.719	0.742	0.751	0.749	0.720	0.680	0.764	0.752	0.769	0.737	0.773	0.692	0.754	0.751	0.796	0.732	0.784	0.663	0.728	0.707	0.036	0.719	0.036
34:55:48	25.2	0.039	0.719	0.742	0.751	0.749	0.718	0.682	0.763	0.752	0.768	0.737	0.772	0.689	0.752	0.750	0.796	0.731	0.780	0.665	0.726	0.706	0.036	0.719	0.036
35:11:13	25.2	0.039	0.719	0.742	0.750	0.748	0.720	0.678	0.764	0.751	0.767	0.737	0.772	0.689	0.750	0.750	0.794	0.733	0.778	0.662	0.729	0.705	0.036	0.720	0.036
