Time	Temp_C	blank_water_1	L1S5-100_1	L1S1-100_2	L2S1-100_2	L1S1-100_3	L2S1-100_3	L1S1-100_1	L2S1-100_1	L1S2-100_2	L2S2-100_2	L1S2-100_3	L2S2-100_3	L1S2-100_1	L2S2-100_1	L1S4-100_2	L2S3-100_2	L1S4-100_3	L2S3-100_3	L1S4-100_1	L2S3-100_1	L1S5-100_2	blank_media_1	L1S5-100_3	blank_water_2
0:00:00	25.1	0.036	0.048	0.042	0.038	0.053	0.038	0.043	0.039	0.041	0.038	0.042	0.037	0.040	0.037	0.046	0.037	0.041	0.036	0.039	0.037	0.040	0.034	0.044	0.036
0:15:25	25.1	0.035	0.044	0.041	0.040	0.042	0.039	0.042	0.038	0.045	0.038	0.045	0.038	0.043	0.038	0.044	0.038	0.042	0.037	0.041	0.038	0.042	0.034	0.044	0.036
0:30:50	25.1	0.035	0.045	0.041	0.040	0.043	0.040	0.042	0.039	0.043	0.039	0.044	0.038	0.043	0.039	0.044	0.038	0.043	0.037	0.041	0.038	0.043	0.035	0.044	0.036
0:46:14	25.1	0.035	0.044	0.042	0.041	0.043	0.040	0.043	0.039	0.043	0.039	0.044	0.038	0.044	0.039	0.045	0.038	0.043	0.037	0.042	0.038	0.043	0.035	0.044	0.036
1:01:39	25.1	0.035	0.045	0.043	0.041	0.043	0.040	0.043	0.039	0.043	0.039	0.045	0.039	0.044	0.039	0.045	0.038	0.044	0.037	0.044	0.038	0.042	0.035	0.045	0.035
1:17:04	25.1	0.035	0.045	0.043	0.041	0.044	0.041	0.044	0.039	0.044	0.040	0.045	0.039	0.045	0.039	0.046	0.038	0.044	0.037	0.043	0.038	0.044	0.035	0.044	0.036
1:32:28	25.1	0.035	0.046	0.044	0.042	0.044	0.041	0.044	0.040	0.044	0.040	0.046	0.039	0.046	0.039	0.046	0.038	0.045	0.038	0.044	0.038	0.044	0.035	0.045	0.035
1:47:53	25.1	0.035	0.047	0.044	0.043	0.045	0.042	0.045	0.041	0.046	0.041	0.046	0.040	0.046	0.039	0.047	0.038	0.046	0.038	0.045	0.039	0.044	0.035	0.046	0.036
2:03:18	25.1	0.035	0.047	0.045	0.043	0.046	0.043	0.045	0.041	0.045	0.041	0.047	0.040	0.045	0.040	0.051	0.039	0.047	0.038	0.047	0.039	0.044	0.035	0.046	0.036
2:18:42	25.1	0.035	0.049	0.046	0.044	0.047	0.044	0.046	0.042	0.046	0.042	0.049	0.041	0.046	0.040	0.049	0.039	0.048	0.038	0.047	0.039	0.044	0.035	0.047	0.036
2:34:07	25.1	0.035	0.049	0.048	0.045	0.048	0.045	0.047	0.043	0.047	0.042	0.050	0.042	0.047	0.041	0.051	0.039	0.050	0.038	0.048	0.039	0.045	0.035	0.048	0.036
2:49:32	25.1	0.035	0.051	0.049	0.047	0.049	0.046	0.049	0.044	0.048	0.043	0.051	0.042	0.048	0.042	0.060	0.039	0.057	0.039	0.051	0.039	0.046	0.035	0.049	0.035
3:04:56	25.1	0.035	0.052	0.051	0.048	0.051	0.048	0.050	0.045	0.050	0.044	0.053	0.043	0.050	0.043	0.061	0.039	0.054	0.039	0.052	0.039	0.048	0.035	0.051	0.036
3:20:21	25.1	0.035	0.054	0.053	0.051	0.053	0.050	0.052	0.047	0.052	0.045	0.056	0.044	0.051	0.049	0.065	0.040	0.060	0.040	0.053	0.040	0.049	0.035	0.052	0.036
3:35:45	25.1	0.035	0.056	0.055	0.053	0.056	0.053	0.054	0.049	0.055	0.047	0.063	0.046	0.053	0.046	0.080	0.040	0.060	0.040	0.061	0.040	0.051	0.035	0.055	0.036
3:51:10	25.1	0.035	0.059	0.058	0.057	0.058	0.056	0.057	0.051	0.058	0.049	0.068	0.048	0.056	0.048	0.064	0.041	0.065	0.041	0.060	0.041	0.054	0.035	0.057	0.036
4:06:35	25.1	0.035	0.061	0.062	0.061	0.061	0.060	0.060	0.053	0.069	0.052	0.091	0.051	0.059	0.050	0.068	0.041	0.069	0.042	0.064	0.041	0.057	0.035	0.059	0.036
4:21:59	25.1	0.035	0.065	0.066	0.065	0.066	0.065	0.065	0.057	0.067	0.055	0.077	0.054	0.064	0.052	0.073	0.042	0.076	0.043	0.069	0.042	0.059	0.035	0.064	0.036
4:37:24	25.1	0.035	0.070	0.071	0.070	0.071	0.070	0.069	0.062	0.073	0.059	0.089	0.058	0.069	0.055	0.079	0.043	0.085	0.044	0.074	0.043	0.063	0.035	0.070	0.036
4:52:48	25.1	0.035	0.094	0.078	0.076	0.076	0.078	0.075	0.068	0.080	0.064	0.096	0.064	0.077	0.059	0.089	0.044	0.094	0.045	0.083	0.044	0.069	0.035	0.074	0.036
5:08:13	25.1	0.035	0.082	0.085	0.086	0.084	0.086	0.082	0.073	0.090	0.071	0.103	0.073	0.174	0.064	0.138	0.045	0.104	0.046	0.091	0.045	0.083	0.035	0.081	0.036
5:23:37	25.1	0.035	0.093	0.094	0.094	0.093	0.094	0.090	0.089	0.097	0.076	0.116	0.074	0.089	0.070	0.103	0.047	0.111	0.048	0.100	0.046	0.081	0.035	0.087	0.036
5:39:02	25.1	0.035	0.099	0.103	0.102	0.103	0.103	0.098	0.090	0.112	0.084	0.135	0.082	0.098	0.076	0.114	0.049	0.128	0.051	0.110	0.048	0.085	0.035	0.095	0.036
5:54:26	25.1	0.035	0.115	0.112	0.116	0.110	0.115	0.109	0.099	0.127	0.094	0.144	0.089	0.109	0.084	0.125	0.051	0.140	0.054	0.121	0.050	0.102	0.035	0.103	0.036
6:09:51	25.1	0.035	0.122	0.124	0.127	0.124	0.126	0.118	0.109	0.138	0.101	0.162	0.096	0.119	0.092	0.137	0.054	0.155	0.057	0.132	0.052	0.101	0.035	0.113	0.036
6:25:16	25.1	0.035	0.131	0.134	0.141	0.136	0.139	0.128	0.122	0.153	0.110	0.167	0.102	0.130	0.099	0.150	0.057	0.166	0.061	0.147	0.055	0.111	0.035	0.122	0.036
6:40:40	25.2	0.035	0.141	0.145	0.150	0.147	0.150	0.141	0.135	0.169	0.120	0.183	0.109	0.151	0.107	0.165	0.060	0.183	0.066	0.161	0.058	0.127	0.035	0.163	0.036
6:56:05	25.1	0.035	0.151	0.157	0.159	0.158	0.162	0.152	0.147	0.180	0.133	0.195	0.118	0.157	0.118	0.186	0.065	0.188	0.072	0.176	0.062	0.139	0.035	0.137	0.036
7:11:29	25.1	0.035	0.164	0.168	0.173	0.170	0.174	0.162	0.160	0.189	0.148	0.202	0.128	0.164	0.131	0.193	0.071	0.201	0.081	0.190	0.067	0.154	0.035	0.148	0.036
7:26:54	25.1	0.035	0.184	0.178	0.184	0.180	0.183	0.174	0.180	0.223	0.161	0.213	0.138	0.179	0.145	0.202	0.077	0.213	0.089	0.199	0.073	0.155	0.035	0.159	0.037
7:42:19	25.1	0.035	0.173	0.184	0.191	0.189	0.189	0.184	0.186	0.223	0.171	0.229	0.150	0.195	0.157	0.221	0.085	0.221	0.100	0.209	0.081	0.172	0.035	0.192	0.036
7:57:43	25.1	0.035	0.183	0.189	0.197	0.192	0.191	0.191	0.188	0.230	0.181	0.236	0.162	0.195	0.171	0.219	0.095	0.234	0.109	0.222	0.089	0.190	0.035	0.187	0.036
8:13:08	25.1	0.035	0.200	0.192	0.200	0.198	0.195	0.193	0.193	0.247	0.185	0.246	0.166	0.207	0.182	0.234	0.104	0.249	0.119	0.231	0.098	0.188	0.035	0.197	0.036
8:28:32	25.1	0.035	0.199	0.196	0.202	0.199	0.198	0.199	0.193	0.240	0.186	0.260	0.167	0.217	0.188	0.247	0.115	0.266	0.134	0.243	0.106	0.192	0.035	0.203	0.036
8:43:57	25.1	0.035	0.202	0.200	0.211	0.205	0.198	0.206	0.193	0.260	0.185	0.288	0.167	0.222	0.187	0.276	0.127	0.281	0.145	0.258	0.116	0.214	0.035	0.225	0.037
8:59:22	25.1	0.035	0.212	0.203	0.212	0.207	0.199	0.206	0.198	0.269	0.187	0.310	0.168	0.230	0.186	0.279	0.140	0.309	0.152	0.275	0.128	0.221	0.035	0.225	0.036
9:14:46	25.1	0.035	0.228	0.208	0.208	0.213	0.199	0.213	0.198	0.270	0.187	0.304	0.167	0.243	0.188	0.301	0.149	0.329	0.159	0.291	0.141	0.227	0.035	0.245	0.036
9:30:11	25.1	0.035	0.236	0.211	0.211	0.219	0.201	0.215	0.199	0.282	0.188	0.318	0.168	0.259	0.187	0.322	0.158	0.359	0.165	0.310	0.149	0.244	0.035	0.251	0.036
9:45:36	25.1	0.035	0.483	0.216	0.213	0.223	0.202	0.224	0.199	0.294	0.189	0.329	0.171	0.271	0.187	0.360	0.165	0.401	0.164	0.327	0.157	0.268	0.035	0.258	0.037
10:01:00	25.1	0.035	0.345	0.221	0.211	0.232	0.208	0.222	0.202	0.319	0.190	0.351	0.168	0.287	0.183	0.356	0.165	0.401	0.164	0.351	0.162	0.263	0.035	0.336	0.037
10:16:25	25.1	0.035	0.392	0.229	0.213	0.239	0.199	0.229	0.198	0.324	0.191	0.367	0.168	0.299	0.185	0.393	0.163	0.415	0.161	0.374	0.162	0.292	0.035	0.276	0.037
10:31:50	25.1	0.035	0.292	0.234	0.212	0.243	0.203	0.231	0.206	0.340	0.190	0.381	0.169	0.317	0.188	0.409	0.161	0.428	0.160	0.405	0.161	0.343	0.035	0.320	0.037
10:47:14	25.1	0.035	0.305	0.238	0.216	0.248	0.205	0.236	0.203	0.350	0.191	0.401	0.170	0.341	0.186	0.475	0.159	0.440	0.157	0.418	0.160	0.340	0.035	0.337	0.037
11:02:39	25.1	0.035	0.329	0.249	0.214	0.253	0.212	0.252	0.202	0.380	0.189	0.443	0.167	0.355	0.183	0.452	0.157	0.479	0.155	0.438	0.159	0.357	0.035	0.335	0.036
11:18:04	25.1	0.035	0.372	0.259	0.221	0.259	0.223	0.256	0.207	0.376	0.193	0.429	0.168	0.379	0.184	0.465	0.155	0.490	0.153	0.460	0.157	0.355	0.035	0.333	0.037
11:33:28	25.1	0.035	0.603	0.271	0.226	0.269	0.225	0.268	0.211	0.394	0.190	0.449	0.173	0.394	0.186	0.478	0.152	0.504	0.151	0.484	0.155	0.412	0.035	0.358	0.037
11:48:53	25.1	0.035	0.466	0.283	0.226	0.278	0.229	0.278	0.213	0.400	0.188	0.460	0.169	0.407	0.182	0.495	0.150	0.505	0.148	0.493	0.154	0.369	0.035	0.352	0.037
12:04:18	25.1	0.035	0.440	0.294	0.242	0.290	0.239	0.295	0.223	0.408	0.191	0.464	0.169	0.425	0.183	0.509	0.148	0.550	0.146	0.497	0.152	0.382	0.035	0.381	0.037
12:19:42	25.1	0.035	0.478	0.305	0.238	0.299	0.252	0.310	0.221	0.420	0.190	0.478	0.171	0.459	0.184	0.500	0.145	0.509	0.144	0.516	0.150	0.401	0.035	0.395	0.037
12:35:07	25.1	0.035	0.385	0.315	0.249	0.306	0.257	0.320	0.231	0.446	0.189	0.483	0.172	0.448	0.182	0.541	0.144	0.550	0.142	0.525	0.148	0.415	0.035	0.436	0.037
12:50:32	25.1	0.035	0.405	0.326	0.258	0.317	0.257	0.336	0.235	0.447	0.190	0.488	0.171	0.459	0.180	0.498	0.142	0.539	0.139	0.540	0.146	0.388	0.035	0.385	0.037
13:05:57	25.2	0.035	0.509	0.337	0.260	0.326	0.269	0.347	0.239	0.447	0.189	0.500	0.170	0.478	0.181	0.497	0.139	0.528	0.137	0.548	0.143	0.398	0.035	0.398	0.037
13:21:21	25.2	0.035	0.544	0.347	0.271	0.336	0.290	0.357	0.249	0.453	0.189	0.510	0.170	0.489	0.181	0.494	0.137	0.504	0.135	0.549	0.141	0.395	0.035	0.402	0.037
13:36:46	25.2	0.035	0.461	0.354	0.273	0.343	0.279	0.363	0.255	0.461	0.188	0.507	0.174	0.497	0.182	0.505	0.135	0.531	0.134	0.544	0.140	0.395	0.035	0.438	0.037
13:52:10	25.2	0.035	0.626	0.362	0.282	0.349	0.287	0.370	0.264	0.502	0.187	0.507	0.169	0.509	0.177	0.511	0.134	0.505	0.133	0.545	0.138	0.387	0.035	0.412	0.037
14:07:35	25.2	0.035	0.547	0.367	0.286	0.355	0.294	0.379	0.269	0.481	0.190	0.519	0.176	0.525	0.180	0.507	0.132	0.506	0.130	0.544	0.135	0.400	0.035	0.413	0.037
14:23:00	25.2	0.035	0.407	0.374	0.294	0.362	0.296	0.382	0.277	0.489	0.187	0.513	0.172	0.528	0.177	0.515	0.131	0.499	0.129	0.547	0.133	0.403	0.035	0.419	0.037
14:38:25	25.2	0.035	0.581	0.384	0.305	0.370	0.314	0.391	0.286	0.493	0.188	0.521	0.174	0.529	0.182	0.480	0.131	0.491	0.128	0.540	0.132	0.403	0.035	0.406	0.038
14:53:49	25.2	0.035	0.459	0.395	0.309	0.380	0.315	0.396	0.286	0.499	0.185	0.527	0.171	0.528	0.178	0.483	0.129	0.488	0.128	0.538	0.130	0.451	0.035	0.421	0.037
15:09:14	25.2	0.036	0.435	0.405	0.319	0.389	0.323	0.402	0.297	0.501	0.187	0.526	0.171	0.544	0.179	0.477	0.129	0.487	0.127	0.540	0.129	0.427	0.035	0.432	0.038
15:24:39	25.2	0.036	0.434	0.412	0.330	0.398	0.331	0.405	0.302	0.498	0.185	0.525	0.170	0.551	0.176	0.479	0.129	0.492	0.126	0.533	0.127	0.444	0.035	0.417	0.038
15:40:04	25.2	0.036	0.434	0.419	0.322	0.405	0.339	0.411	0.316	0.504	0.185	0.534	0.173	0.560	0.178	0.478	0.128	0.484	0.125	0.525	0.126	0.450	0.035	0.426	0.037
15:55:29	25.2	0.036	0.441	0.422	0.329	0.411	0.342	0.416	0.320	0.510	0.184	0.532	0.168	0.561	0.179	0.475	0.128	0.478	0.125	0.531	0.125	0.450	0.035	0.430	0.037
16:10:53	25.2	0.036	0.463	0.427	0.334	0.415	0.343	0.418	0.323	0.590	0.187	0.518	0.171	0.564	0.179	0.468	0.128	0.482	0.124	0.522	0.126	0.442	0.035	0.423	0.037
16:26:18	25.2	0.036	0.560	0.431	0.330	0.419	0.346	0.419	0.325	0.521	0.184	0.512	0.171	0.567	0.178	0.471	0.128	0.470	0.124	0.508	0.125	0.448	0.035	0.439	0.038
16:41:43	25.2	0.036	0.434	0.435	0.333	0.421	0.357	0.421	0.329	0.541	0.183	0.516	0.170	0.566	0.176	0.467	0.129	0.483	0.125	0.503	0.125	0.476	0.035	0.427	0.037
16:57:08	25.2	0.036	0.431	0.436	0.329	0.422	0.348	0.424	0.329	0.517	0.183	0.503	0.170	0.557	0.176	0.459	0.131	0.454	0.124	0.500	0.124	0.447	0.035	0.451	0.037
17:12:32	25.2	0.036	0.432	0.441	0.348	0.424	0.345	0.425	0.332	0.513	0.181	0.494	0.170	0.566	0.176	0.451	0.130	0.452	0.124	0.496	0.124	0.461	0.035	0.424	0.037
17:27:57	25.2	0.036	0.432	0.441	0.330	0.424	0.343	0.426	0.334	0.518	0.179	0.494	0.170	0.561	0.174	0.452	0.131	0.443	0.124	0.486	0.125	0.465	0.036	0.440	0.037
17:43:22	25.2	0.036	0.428	0.441	0.326	0.425	0.343	0.425	0.336	0.507	0.181	0.490	0.170	0.555	0.177	0.447	0.133	0.456	0.125	0.478	0.125	0.457	0.035	0.454	0.037
17:58:46	25.2	0.036	0.433	0.443	0.337	0.427	0.347	0.424	0.336	0.502	0.187	0.541	0.178	0.554	0.180	0.438	0.134	0.434	0.126	0.475	0.125	0.464	0.035	0.469	0.037
18:14:11	25.2	0.037	0.422	0.445	0.334	0.430	0.343	0.421	0.333	0.503	0.180	0.570	0.171	0.547	0.177	0.431	0.135	0.428	0.128	0.470	0.125	0.444	0.035	0.433	0.037
18:29:35	25.2	0.036	0.420	0.444	0.332	0.434	0.344	0.420	0.332	0.495	0.193	0.478	0.171	0.547	0.177	0.429	0.138	0.418	0.130	0.461	0.126	0.441	0.035	0.439	0.037
18:45:00	25.2	0.036	0.418	0.440	0.324	0.441	0.343	0.420	0.329	0.712	0.185	0.469	0.171	0.547	0.178	0.421	0.138	0.431	0.133	0.458	0.127	0.445	0.035	0.429	0.037
19:00:25	25.2	0.036	0.413	0.440	0.323	0.444	0.340	0.416	0.332	0.490	0.182	0.468	0.171	0.543	0.181	0.416	0.142	0.409	0.134	0.449	0.127	0.440	0.036	0.425	0.037
19:15:49	25.2	0.036	0.594	0.436	0.322	0.445	0.342	0.418	0.326	0.728	0.184	0.472	0.172	0.544	0.181	0.408	0.145	0.403	0.137	0.447	0.130	0.443	0.036	0.436	0.037
19:31:14	25.2	0.036	0.466	0.438	0.319	0.443	0.340	0.417	0.327	0.481	0.184	0.464	0.175	0.540	0.181	0.399	0.145	0.401	0.141	0.447	0.131	0.439	0.036	0.422	0.037
19:46:39	25.2	0.037	0.412	0.437	0.319	0.441	0.338	0.415	0.326	0.477	0.187	0.459	0.177	0.535	0.185	0.396	0.150	0.391	0.145	0.429	0.134	0.449	0.035	0.410	0.037
20:02:03	25.2	0.036	0.392	0.429	0.314	0.440	0.336	0.414	0.323	0.488	0.184	0.453	0.176	0.529	0.185	0.392	0.153	0.389	0.150	0.427	0.138	0.439	0.036	0.415	0.037
20:17:28	25.2	0.037	0.405	0.431	0.313	0.437	0.335	0.414	0.326	0.475	0.184	0.455	0.177	0.538	0.186	0.386	0.158	0.384	0.154	0.420	0.140	0.430	0.036	0.417	0.037
20:32:53	25.2	0.037	0.382	0.428	0.314	0.433	0.334	0.410	0.321	0.482	0.189	0.449	0.182	0.527	0.189	0.379	0.164	0.381	0.159	0.412	0.143	0.427	0.036	0.394	0.037
20:48:17	25.2	0.037	0.380	0.425	0.307	0.431	0.333	0.406	0.322	0.484	0.190	0.450	0.180	0.523	0.188	0.374	0.171	0.373	0.164	0.400	0.147	0.454	0.036	0.387	0.037
21:03:42	25.2	0.037	0.374	0.420	0.308	0.427	0.333	0.407	0.318	0.481	0.193	0.445	0.191	0.526	0.188	0.372	0.179	0.367	0.170	0.400	0.152	0.472	0.036	0.383	0.037
21:19:07	25.2	0.037	0.447	0.421	0.307	0.426	0.330	0.406	0.316	0.475	0.189	0.434	0.184	0.519	0.194	0.365	0.183	0.367	0.177	0.395	0.157	0.454	0.036	0.369	0.037
21:34:31	25.2	0.037	0.368	0.417	0.299	0.424	0.329	0.402	0.315	0.471	0.194	0.426	0.187	0.517	0.196	0.361	0.195	0.362	0.183	0.388	0.161	0.416	0.036	0.378	0.037
21:49:56	25.2	0.037	0.356	0.410	0.303	0.421	0.328	0.400	0.313	0.492	0.195	0.424	0.184	0.506	0.197	0.363	0.203	0.359	0.192	0.377	0.165	0.418	0.036	0.376	0.037
22:05:21	25.2	0.037	0.354	0.409	0.298	0.419	0.330	0.400	0.309	0.462	0.196	0.434	0.187	0.503	0.200	0.352	0.214	0.357	0.202	0.374	0.173	0.406	0.036	0.357	0.037
22:20:45	25.2	0.037	0.356	0.410	0.298	0.416	0.331	0.395	0.308	0.463	0.196	0.414	0.187	0.504	0.200	0.354	0.224	0.350	0.210	0.370	0.179	0.423	0.036	0.371	0.037
22:36:10	25.2	0.037	0.339	0.409	0.291	0.415	0.330	0.393	0.309	0.467	0.198	0.413	0.189	0.492	0.204	0.361	0.234	0.349	0.220	0.358	0.187	0.412	0.035	0.349	0.036
22:51:35	25.2	0.037	0.339	0.406	0.297	0.411	0.328	0.390	0.307	0.463	0.201	0.407	0.192	0.482	0.199	0.345	0.245	0.348	0.230	0.353	0.195	0.405	0.036	0.346	0.036
23:06:59	25.2	0.037	0.337	0.405	0.292	0.411	0.332	0.385	0.302	0.450	0.201	0.411	0.193	0.476	0.205	0.369	0.255	0.341	0.239	0.352	0.202	0.391	0.036	0.339	0.036
23:22:24	25.2	0.037	0.330	0.406	0.288	0.413	0.326	0.382	0.303	0.458	0.205	0.401	0.194	0.465	0.210	0.339	0.268	0.349	0.250	0.347	0.208	0.388	0.036	0.347	0.036
23:37:49	25.2	0.037	0.322	0.408	0.285	0.412	0.324	0.376	0.303	0.449	0.204	0.393	0.194	0.461	0.212	0.337	0.278	0.337	0.260	0.341	0.216	0.386	0.035	0.371	0.036
23:53:13	25.2	0.037	0.321	0.406	0.282	0.413	0.323	0.374	0.300	0.448	0.205	0.392	0.198	0.452	0.214	0.351	0.288	0.344	0.269	0.331	0.226	0.400	0.036	0.334	0.036
24:08:38	25.2	0.037	0.362	0.406	0.280	0.413	0.318	0.369	0.297	0.440	0.208	0.387	0.198	0.446	0.213	0.340	0.298	0.330	0.279	0.328	0.233	0.375	0.035	0.325	0.036
24:24:03	25.2	0.037	0.311	0.409	0.281	0.413	0.315	0.369	0.297	0.439	0.208	0.384	0.203	0.438	0.211	0.334	0.305	0.339	0.287	0.323	0.240	0.371	0.035	0.332	0.036
24:39:28	25.2	0.037	0.331	0.404	0.280	0.413	0.309	0.366	0.298	0.429	0.209	0.383	0.200	0.432	0.211	0.338	0.313	0.330	0.295	0.318	0.250	0.368	0.035	0.439	0.037
24:54:52	25.1	0.037	0.335	0.406	0.279	0.414	0.302	0.362	0.295	0.424	0.210	0.377	0.206	0.425	0.215	0.326	0.317	0.329	0.302	0.317	0.259	0.373	0.035	0.313	0.036
25:10:17	25.1	0.037	0.308	0.409	0.274	0.417	0.302	0.364	0.293	0.432	0.212	0.370	0.204	0.421	0.213	0.329	0.323	0.327	0.309	0.327	0.266	0.362	0.035	0.308	0.037
25:25:42	25.1	0.037	0.304	0.410	0.274	0.419	0.300	0.357	0.296	0.418	0.247	0.369	0.209	0.412	0.219	0.322	0.328	0.329	0.314	0.315	0.275	0.357	0.036	0.310	0.036
25:41:06	25.1	0.037	0.393	0.413	0.273	0.421	0.298	0.358	0.293	0.436	0.216	0.378	0.212	0.405	0.217	0.318	0.333	0.327	0.322	0.306	0.282	0.352	0.036	0.298	0.037
25:56:31	25.1	0.037	0.295	0.409	0.273	0.423	0.295	0.354	0.297	0.411	0.218	0.367	0.217	0.399	0.242	0.315	0.338	0.321	0.328	0.305	0.288	0.339	0.035	0.304	0.036
26:11:56	25.1	0.037	0.305	0.414	0.270	0.424	0.293	0.353	0.296	0.418	0.220	0.362	0.215	0.395	0.221	0.318	0.340	0.315	0.336	0.306	0.292	0.339	0.036	0.307	0.037
26:27:20	25.1	0.037	0.291	0.416	0.273	0.425	0.287	0.353	0.293	0.416	0.223	0.360	0.220	0.397	0.222	0.310	0.340	0.326	0.344	0.297	0.298	0.335	0.036	0.298	0.036
26:42:45	25.1	0.037	0.286	0.417	0.273	0.427	0.287	0.348	0.294	0.401	0.222	0.357	0.218	0.390	0.222	0.319	0.338	0.310	0.353	0.297	0.300	0.338	0.035	0.291	0.036
26:58:10	25.1	0.037	0.283	0.419	0.264	0.428	0.283	0.350	0.294	0.400	0.229	0.357	0.223	0.392	0.224	0.316	0.338	0.322	0.361	0.295	0.304	0.322	0.035	0.287	0.036
27:13:35	25.1	0.037	0.314	0.419	0.265	0.429	0.279	0.355	0.294	0.398	0.230	0.355	0.218	0.381	0.224	0.326	0.340	0.314	0.361	0.291	0.306	0.318	0.035	0.288	0.036
27:28:59	25.1	0.037	0.296	0.423	0.266	0.430	0.278	0.349	0.297	0.391	0.229	0.442	0.227	0.374	0.223	0.318	0.341	0.321	0.357	0.284	0.308	0.318	0.036	0.289	0.036
27:44:24	25.1	0.037	0.278	0.420	0.266	0.430	0.276	0.349	0.296	0.394	0.232	0.355	0.229	0.375	0.225	0.322	0.340	0.307	0.350	0.290	0.313	0.316	0.036	0.286	0.036
27:59:48	25.1	0.037	0.302	0.423	0.264	0.433	0.273	0.345	0.295	0.387	0.245	0.352	0.231	0.367	0.225	0.310	0.341	0.317	0.344	0.281	0.314	0.317	0.036	0.287	0.036
28:15:13	25.1	0.037	0.285	0.427	0.262	0.432	0.274	0.343	0.301	0.379	0.235	0.347	0.231	0.363	0.230	0.316	0.340	0.311	0.339	0.280	0.317	0.299	0.036	0.283	0.036
28:30:38	25.1	0.037	0.293	0.426	0.264	0.433	0.270	0.342	0.300	0.382	0.236	0.347	0.235	0.367	0.228	0.313	0.338	0.312	0.334	0.278	0.322	0.311	0.036	0.284	0.036
28:46:03	25.1	0.037	0.297	0.430	0.265	0.432	0.270	0.351	0.301	0.382	0.267	0.347	0.235	0.356	0.231	0.299	0.339	0.308	0.331	0.271	0.323	0.289	0.036	0.287	0.036
29:01:27	25.1	0.037	0.281	0.430	0.264	0.432	0.269	0.342	0.301	0.382	0.246	0.344	0.239	0.355	0.233	0.316	0.337	0.315	0.329	0.270	0.318	0.285	0.036	0.274	0.036
29:16:52	25.1	0.037	0.279	0.432	0.264	0.432	0.270	0.334	0.299	0.377	0.251	0.342	0.240	0.348	0.236	0.314	0.336	0.317	0.326	0.267	0.321	0.293	0.035	0.279	0.036
29:32:17	25.1	0.037	0.279	0.433	0.264	0.432	0.270	0.335	0.299	0.375	0.265	0.349	0.244	0.345	0.235	0.319	0.334	0.306	0.325	0.267	0.318	0.288	0.036	0.273	0.036
29:47:42	25.1	0.037	0.299	0.435	0.267	0.431	0.267	0.341	0.299	0.372	0.265	0.349	0.249	0.347	0.246	0.319	0.332	0.313	0.323	0.263	0.319	0.280	0.035	0.272	0.036
30:03:06	25.1	0.037	0.296	0.435	0.260	0.433	0.265	0.333	0.298	0.375	0.269	0.342	0.281	0.338	0.244	0.316	0.331	0.316	0.319	0.263	0.319	0.274	0.036	0.274	0.036
30:18:31	25.1	0.037	0.304	0.440	0.273	0.433	0.274	0.334	0.320	0.374	0.272	0.348	0.260	0.341	0.254	0.311	0.330	0.314	0.318	0.260	0.316	0.280	0.036	0.275	0.036
30:33:56	25.1	0.037	0.278	0.443	0.261	0.435	0.262	0.329	0.295	0.368	0.281	0.340	0.267	0.344	0.252	0.317	0.328	0.308	0.315	0.257	0.313	0.274	0.036	0.290	0.036
30:49:21	25.1	0.037	0.286	0.444	0.265	0.436	0.261	0.329	0.294	0.370	0.288	0.355	0.269	0.339	0.258	0.328	0.329	0.306	0.313	0.260	0.314	0.292	0.036	0.289	0.036
31:04:45	25.1	0.037	0.274	0.450	0.262	0.437	0.258	0.331	0.292	0.369	0.289	0.340	0.285	0.338	0.262	0.321	0.326	0.310	0.312	0.257	0.311	0.291	0.036	0.292	0.036
31:20:10	25.1	0.037	0.298	0.445	0.262	0.441	0.259	0.326	0.291	0.364	0.288	0.343	0.282	0.333	0.260	0.317	0.324	0.309	0.310	0.257	0.306	0.276	0.036	0.281	0.036
31:35:35	25.1	0.037	0.291	0.449	0.261	0.440	0.258	0.326	0.289	0.364	0.289	0.340	0.287	0.339	0.265	0.323	0.324	0.320	0.308	0.251	0.304	0.277	0.036	0.287	0.036
31:50:59	25.1	0.037	0.297	0.447	0.266	0.442	0.257	0.324	0.287	0.359	0.288	0.341	0.288	0.335	0.264	0.315	0.321	0.321	0.306	0.252	0.303	0.278	0.036	0.286	0.036
32:06:24	25.1	0.037	0.292	0.451	0.261	0.443	0.257	0.322	0.290	0.358	0.291	0.341	0.291	0.333	0.262	0.324	0.319	0.322	0.303	0.252	0.302	0.266	0.036	0.291	0.036
32:21:49	25.1	0.037	0.300	0.455	0.260	0.444	0.258	0.324	0.285	0.359	0.290	0.338	0.293	0.332	0.263	0.322	0.322	0.321	0.303	0.252	0.300	0.265	0.036	0.290	0.036
32:37:13	25.1	0.036	0.288	0.456	0.261	0.446	0.254	0.323	0.282	0.356	0.290	0.341	0.297	0.329	0.263	0.325	0.318	0.315	0.302	0.250	0.296	0.268	0.036	0.309	0.036
32:52:38	25.1	0.036	0.284	0.460	0.268	0.447	0.267	0.320	0.296	0.367	0.290	0.342	0.298	0.321	0.261	0.328	0.319	0.317	0.300	0.248	0.296	0.277	0.036	0.310	0.035
33:08:03	25.1	0.036	0.284	0.459	0.262	0.448	0.253	0.318	0.280	0.354	0.284	0.335	0.334	0.326	0.259	0.328	0.319	0.328	0.300	0.250	0.291	0.271	0.036	0.303	0.036
33:23:28	25.1	0.036	0.294	0.462	0.263	0.450	0.255	0.323	0.276	0.354	0.289	0.384	0.300	0.325	0.262	0.341	0.315	0.326	0.297	0.247	0.291	0.269	0.036	0.302	0.035
33:38:52	25.1	0.036	0.285	0.469	0.261	0.452	0.250	0.314	0.272	0.349	0.291	0.339	0.296	0.325	0.263	0.330	0.316	0.317	0.297	0.248	0.282	0.268	0.036	0.295	0.035
33:54:17	25.1	0.036	0.294	0.466	0.262	0.456	0.250	0.317	0.275	0.349	0.285	0.343	0.295	0.317	0.256	0.349	0.315	0.331	0.294	0.246	0.285	0.272	0.036	0.299	0.035
34:09:42	25.1	0.036	0.289	0.470	0.273	0.458	0.248	0.315	0.268	0.362	0.283	0.333	0.295	0.314	0.257	0.334	0.315	0.333	0.292	0.242	0.281	0.268	0.036	0.297	0.035
34:25:07	25.1	0.036	0.288	0.473	0.264	0.458	0.247	0.314	0.266	0.357	0.279	0.335	0.292	0.311	0.261	0.336	0.313	0.316	0.291	0.242	0.281	0.272	0.036	0.306	0.035
34:40:31	25.1	0.036	0.290	0.471	0.264	0.462	0.256	0.310	0.262	0.349	0.279	0.340	0.289	0.306	0.254	0.383	0.311	0.323	0.288	0.243	0.276	0.269	0.036	0.298	0.035
34:55:56	25.1	0.036	0.302	0.476	0.263	0.464	0.246	0.318	0.263	0.355	0.279	0.338	0.287	0.303	0.257	0.336	0.312	0.335	0.287	0.243	0.276	0.282	0.036	0.304	0.035
35:11:21	25.1	0.036	0.298	0.475	0.266	0.468	0.246	0.307	0.277	0.344	0.277	0.353	0.287	0.304	0.253	0.335	0.312	0.322	0.287	0.241	0.273	0.276	0.036	0.308	0.035
35:26:45	25.1	0.035	0.305	0.482	0.265	0.469	0.244	0.305	0.258	0.338	0.276	0.340	0.285	0.304	0.251	0.333	0.311	0.312	0.284	0.240	0.269	0.274	0.036	0.309	0.035
35:42:10	25.1	0.035	0.297	0.481	0.267	0.475	0.244	0.307	0.256	0.343	0.274	0.336	0.284	0.298	0.248	0.339	0.306	0.315	0.282	0.243	0.268	0.282	0.036	0.324	0.035
35:57:35	25.1	0.035	0.306	0.487	0.269	0.478	0.242	0.302	0.255	0.341	0.273	0.337	0.279	0.291	0.249	0.339	0.308	0.320	0.277	0.237	0.270	0.282	0.036	0.314	0.035
36:13:00	25.1	0.035	0.306	0.489	0.269	0.482	0.244	0.304	0.253	0.335	0.269	0.346	0.274	0.292	0.254	0.339	0.305	0.317	0.277	0.238	0.267	0.273	0.035	0.320	0.035
36:28:24	25.1	0.035	0.301	0.489	0.269	0.481	0.243	0.306	0.252	0.334	0.269	0.335	0.278	0.288	0.247	0.339	0.308	0.339	0.277	0.239	0.263	0.271	0.036	0.325	0.035
36:43:49	25.1	0.035	0.303	0.494	0.273	0.488	0.241	0.298	0.251	0.338	0.269	0.335	0.271	0.287	0.246	0.339	0.304	0.335	0.274	0.239	0.263	0.274	0.036	0.333	0.035
36:59:14	25.2	0.035	0.311	0.496	0.272	0.492	0.240	0.300	0.253	0.334	0.267	0.333	0.272	0.281	0.244	0.333	0.303	0.310	0.274	0.232	0.262	0.281	0.036	0.323	0.035
37:14:39	25.2	0.035	0.308	0.497	0.271	0.495	0.240	0.300	0.328	0.332	0.266	0.332	0.265	0.277	0.239	0.342	0.302	0.327	0.274	0.233	0.259	0.271	0.035	0.324	0.035
37:30:04	25.2	0.035	0.311	0.501	0.276	0.496	0.240	0.297	0.250	0.331	0.265	0.335	0.265	0.276	0.241	0.349	0.302	0.328	0.271	0.234	0.258	0.284	0.036	0.330	0.035
37:45:28	25.2	0.035	0.317	0.503	0.277	0.500	0.240	0.298	0.249	0.333	0.264	0.334	0.267	0.270	0.239	0.346	0.301	0.317	0.272	0.233	0.255	0.286	0.035	0.334	0.035
38:00:53	25.2	0.035	0.318	0.503	0.277	0.506	0.242	0.297	0.249	0.329	0.261	0.335	0.261	0.274	0.236	0.350	0.299	0.316	0.273	0.232	0.254	0.279	0.035	0.333	0.035
38:16:18	25.2	0.035	0.315	0.507	0.282	0.507	0.239	0.295	0.250	0.335	0.265	0.332	0.261	0.267	0.239	0.342	0.300	0.309	0.270	0.232	0.254	0.276	0.035	0.339	0.035
38:31:43	25.2	0.035	0.313	0.512	0.281	0.513	0.235	0.293	0.251	0.331	0.259	0.335	0.260	0.267	0.233	0.349	0.300	0.319	0.267	0.231	0.254	0.275	0.035	0.335	0.035
38:47:07	25.2	0.034	0.323	0.514	0.284	0.516	0.236	0.290	0.249	0.335	0.258	0.334	0.260	0.262	0.239	0.359	0.297	0.333	0.264	0.231	0.248	0.282	0.035	0.339	0.035
39:02:32	25.2	0.034	0.322	0.516	0.285	0.518	0.238	0.292	0.247	0.329	0.258	0.335	0.256	0.263	0.236	0.360	0.298	0.328	0.264	0.230	0.248	0.283	0.035	0.328	0.035
39:17:57	25.2	0.034	0.335	0.515	0.290	0.523	0.233	0.291	0.249	0.328	0.257	0.332	0.253	0.263	0.235	0.354	0.298	0.325	0.265	0.232	0.247	0.288	0.035	0.345	0.035
39:33:22	25.2	0.034	0.324	0.523	0.291	0.527	0.234	0.292	0.248	0.350	0.256	0.338	0.254	0.258	0.233	0.366	0.293	0.336	0.263	0.232	0.243	0.280	0.035	0.338	0.035
39:48:47	25.2	0.034	0.343	0.524	0.291	0.528	0.231	0.291	0.248	0.327	0.255	0.334	0.251	0.250	0.228	0.358	0.293	0.323	0.261	0.228	0.244	0.285	0.035	0.336	0.035
40:04:11	25.2	0.034	0.330	0.524	0.294	0.529	0.232	0.289	0.245	0.329	0.252	0.333	0.248	0.253	0.230	0.371	0.295	0.325	0.262	0.230	0.240	0.293	0.035	0.337	0.035
40:19:36	25.2	0.034	0.334	0.529	0.292	0.528	0.229	0.290	0.246	0.326	0.255	0.334	0.248	0.247	0.227	0.367	0.293	0.320	0.261	0.227	0.243	0.290	0.035	0.333	0.035
40:35:01	25.2	0.034	0.332	0.529	0.290	0.530	0.232	0.290	0.244	0.330	0.255	0.335	0.248	0.248	0.229	0.383	0.293	0.326	0.259	0.231	0.240	0.289	0.035	0.327	0.035
40:50:26	25.2	0.034	0.337	0.530	0.291	0.532	0.231	0.294	0.246	0.321	0.252	0.333	0.247	0.246	0.227	0.375	0.291	0.327	0.257	0.227	0.239	0.299	0.035	0.330	0.035
41:05:50	25.2	0.034	0.343	0.533	0.288	0.528	0.228	0.290	0.298	0.328	0.261	0.331	0.243	0.241	0.224	0.372	0.291	0.328	0.258	0.231	0.236	0.299	0.035	0.330	0.035
41:21:15	25.2	0.034	0.347	0.536	0.287	0.528	0.228	0.288	0.246	0.329	0.250	0.333	0.245	0.235	0.223	0.372	0.288	0.333	0.254	0.229	0.237	0.294	0.035	0.330	0.035
41:36:40	25.2	0.034	0.346	0.537	0.288	0.529	0.229	0.289	0.244	0.333	0.249	0.332	0.246	0.239	0.224	0.386	0.286	0.329	0.254	0.228	0.234	0.283	0.035	0.334	0.035
41:52:04	25.2	0.034	0.344	0.543	0.289	0.528	0.225	0.291	0.243	0.331	0.248	0.335	0.247	0.234	0.222	0.382	0.288	0.328	0.254	0.229	0.232	0.289	0.035	0.325	0.035
42:07:29	25.2	0.034	0.425	0.543	0.290	0.524	0.224	0.288	0.243	0.334	0.245	0.334	0.242	0.235	0.221	0.386	0.286	0.325	0.251	0.227	0.232	0.292	0.035	0.321	0.035
42:22:54	25.2	0.034	0.354	0.545	0.286	0.523	0.223	0.289	0.242	0.338	0.246	0.335	0.241	0.230	0.222	0.382	0.285	0.328	0.252	0.230	0.230	0.286	0.035	0.327	0.036
42:38:19	25.2	0.034	0.357	0.548	0.285	0.522	0.225	0.289	0.243	0.335	0.246	0.332	0.242	0.225	0.219	0.387	0.281	0.332	0.249	0.230	0.228	0.284	0.034	0.318	0.036
42:53:43	25.2	0.034	0.360	0.551	0.285	0.519	0.221	0.288	0.244	0.332	0.244	0.328	0.240	0.228	0.218	0.399	0.283	0.330	0.248	0.229	0.227	0.283	0.034	0.327	0.036
43:09:08	25.2	0.034	0.370	0.553	0.285	0.518	0.221	0.288	0.242	0.334	0.243	0.332	0.242	0.232	0.216	0.399	0.282	0.335	0.246	0.228	0.223	0.293	0.035	0.316	0.036
43:24:33	25.2	0.034	0.391	0.553	0.285	0.514	0.220	0.288	0.241	0.346	0.242	0.334	0.237	0.227	0.215	0.399	0.280	0.334	0.247	0.228	0.221	0.287	0.035	0.306	0.036
43:39:58	25.2	0.034	0.362	0.553	0.283	0.515	0.218	0.288	0.240	0.345	0.241	0.331	0.234	0.224	0.215	0.401	0.278	0.333	0.243	0.229	0.221	0.286	0.035	0.320	0.036
43:55:23	25.2	0.034	0.366	0.554	0.286	0.513	0.220	0.288	0.241	0.339	0.242	0.330	0.237	0.223	0.213	0.399	0.279	0.334	0.245	0.229	0.218	0.290	0.035	0.312	0.036
44:10:47	25.2	0.034	0.365	0.554	0.279	0.511	0.217	0.289	0.238	0.351	0.241	0.333	0.233	0.217	0.215	0.404	0.277	0.336	0.242	0.227	0.216	0.309	0.035	0.311	0.036
44:26:12	25.2	0.035	0.375	0.554	0.283	0.509	0.217	0.289	0.240	0.349	0.240	0.330	0.232	0.220	0.215	0.402	0.275	0.340	0.241	0.228	0.214	0.292	0.035	0.312	0.036
44:41:37	25.2	0.035	0.372	0.552	0.281	0.508	0.221	0.288	0.244	0.363	0.241	0.327	0.229	0.217	0.209	0.402	0.273	0.339	0.240	0.229	0.214	0.287	0.035	0.311	0.036
44:57:02	25.2	0.035	0.370	0.550	0.280	0.508	0.218	0.289	0.239	0.359	0.240	0.329	0.230	0.214	0.211	0.413	0.271	0.341	0.242	0.226	0.212	0.292	0.035	0.309	0.036
45:12:26	25.2	0.035	0.377	0.547	0.277	0.505	0.215	0.289	0.238	0.351	0.239	0.323	0.229	0.213	0.210	0.411	0.272	0.341	0.236	0.228	0.214	0.293	0.034	0.317	0.036
45:27:51	25.2	0.035	0.378	0.542	0.284	0.506	0.217	0.290	0.237	0.360	0.239	0.329	0.228	0.211	0.220	0.414	0.268	0.350	0.233	0.226	0.211	0.288	0.035	0.311	0.035
45:43:16	25.2	0.035	0.384	0.544	0.275	0.505	0.217	0.291	0.240	0.351	0.239	0.329	0.228	0.208	0.209	0.415	0.269	0.344	0.235	0.228	0.209	0.296	0.034	0.318	0.036
45:58:41	25.2	0.035	0.378	0.539	0.274	0.506	0.216	0.292	0.239	0.362	0.239	0.327	0.228	0.206	0.209	0.421	0.267	0.344	0.235	0.228	0.209	0.292	0.034	0.322	0.036
46:14:05	25.2	0.035	0.386	0.538	0.272	0.504	0.217	0.291	0.237	0.361	0.238	0.326	0.226	0.207	0.208	0.419	0.264	0.347	0.232	0.226	0.206	0.290	0.034	0.321	0.035
46:29:30	25.2	0.035	0.389	0.535	0.272	0.505	0.216	0.292	0.234	0.365	0.239	0.324	0.227	0.206	0.205	0.415	0.264	0.348	0.238	0.228	0.207	0.289	0.034	0.304	0.036
46:44:55	25.2	0.035	0.381	0.532	0.270	0.503	0.214	0.294	0.233	0.361	0.240	0.328	0.226	0.204	0.205	0.419	0.266	0.350	0.233	0.228	0.204	0.296	0.034	0.305	0.035
47:00:20	25.2	0.035	0.380	0.528	0.269	0.509	0.215	0.295	0.236	0.380	0.237	0.326	0.225	0.204	0.202	0.414	0.261	0.351	0.230	0.229	0.205	0.291	0.034	0.308	0.035
47:15:44	25.2	0.035	0.392	0.526	0.269	0.505	0.212	0.298	0.235	0.369	0.238	0.325	0.223	0.204	0.201	0.417	0.262	0.357	0.229	0.230	0.200	0.296	0.034	0.314	0.035
47:31:09	25.2	0.035	0.388	0.523	0.265	0.504	0.210	0.299	0.237	0.367	0.239	0.324	0.224	0.204	0.200	0.416	0.257	0.355	0.229	0.231	0.202	0.303	0.034	0.304	0.036
47:46:34	25.2	0.035	0.390	0.519	0.268	0.501	0.215	0.299	0.237	0.360	0.237	0.322	0.225	0.202	0.201	0.416	0.258	0.360	0.226	0.232	0.199	0.292	0.034	0.308	0.035
48:01:59	25.2	0.035	0.398	0.519	0.266	0.510	0.212	0.299	0.235	0.361	0.238	0.324	0.223	0.201	0.202	0.415	0.256	0.362	0.228	0.232	0.198	0.302	0.034	0.310	0.035
48:17:23	25.2	0.035	0.399	0.515	0.267	0.505	0.214	0.302	0.233	0.360	0.239	0.318	0.225	0.202	0.202	0.421	0.253	0.357	0.224	0.232	0.197	0.299	0.034	0.314	0.035
48:32:48	25.2	0.035	0.402	0.512	0.268	0.507	0.210	0.305	0.232	0.354	0.241	0.322	0.226	0.201	0.203	0.408	0.253	0.362	0.225	0.232	0.196	0.300	0.034	0.312	0.036
48:48:13	25.2	0.035	0.392	0.512	0.268	0.504	0.213	0.303	0.234	0.368	0.242	0.328	0.223	0.199	0.198	0.411	0.251	0.362	0.222	0.235	0.196	0.297	0.034	0.316	0.036
49:03:37	25.2	0.035	0.391	0.510	0.268	0.501	0.212	0.305	0.233	0.358	0.241	0.325	0.224	0.199	0.198	0.410	0.250	0.363	0.227	0.232	0.193	0.291	0.034	0.308	0.036
49:19:02	25.2	0.035	0.394	0.510	0.265	0.504	0.214	0.308	0.232	0.363	0.240	0.317	0.223	0.197	0.195	0.405	0.250	0.365	0.221	0.237	0.195	0.306	0.034	0.310	0.036
49:34:27	25.2	0.035	0.399	0.508	0.268	0.504	0.211	0.311	0.233	0.352	0.241	0.318	0.225	0.198	0.195	0.405	0.247	0.371	0.220	0.241	0.192	0.301	0.034	0.307	0.036
