locus_tag p_1 p_2 p_2V p_2S p_3 p_4 q_1 q_2 q_2V q_2S q_3 q_4
G_02721 0 0 0 0 0 0 1 0 0 0 0 0
G_04753 1 0 0 0 0 0 0 0 0 0 0 0
G_00576 0 0 0 0 0 0 1 0 0 0 0 0
G_01223 0 0 0 0 0 0 0 0 0 0 0 1
G_00986 0 0 0 0 0 0 0 0 0 0 0 1
G_05168 0 0 0 0 0 1 0 0 0 0 0 0
G_04612 0 0 0 0 0 0 0 0 0 0 0 1
G_01815 0 0 0 0 0 0 3 0 0 0 0 0
G_01814 0 1 0 1 0 0 0 1 0 1 0 1
G_02276 0 0 0 0 0 0 1 0 0 0 0 0
G_02317 0 0 0 0 0 0 0 0 0 0 0 1
G_02315 0 0 0 0 0 0 1 0 0 0 0 0
G_02798 1 0 0 0 0 0 0 0 0 0 0 0
G_02311 0 0 0 0 0 0 1 0 0 0 0 0
G_03480 1 0 0 0 0 0 0 0 0 0 0 0
G_03482 1 0 0 0 0 0 0 0 0 0 0 0
G_00444 1 0 0 0 0 0 0 0 0 0 0 0
G_00601 1 0 0 0 0 0 0 0 0 0 0 0
G_03487 0 0 0 0 0 0 2 1 0 1 0 0
G_04501 1 0 0 0 0 0 0 0 0 0 0 0
G_03396 0 0 0 0 0 0 1 0 0 0 0 0
G_01328 0 0 0 0 0 0 1 0 0 0 0 0
G_02225 0 0 0 0 0 0 1 0 0 0 0 0
G_00917 1 0 0 0 0 0 0 0 0 0 0 0
G_00780 1 0 0 0 0 0 0 0 0 0 0 0
G_02415 0 0 0 0 0 0 0 0 0 0 0 1
G_01518 0 0 0 0 0 0 1 0 0 0 0 0
G_05293 0 0 0 0 0 0 1 0 0 0 0 0
G_04371 0 0 0 0 0 0 1 0 0 0 0 0
G_00066 1 0 0 0 0 0 0 0 0 0 0 0
G_04963 1 0 0 0 0 0 0 0 0 0 0 0
G_04427 0 0 0 0 0 0 1 0 0 0 0 0
G_02123 1 0 0 0 0 0 0 0 0 0 0 0
G_04264 0 0 0 0 0 0 0 0 0 0 0 1
G_00431 0 0 0 0 0 1 0 0 0 0 0 0
G_01399 0 0 0 0 0 0 1 0 0 0 0 0
G_03202 1 0 0 0 0 0 0 0 0 0 0 0
G_02922 0 0 0 0 0 0 0 1 0 1 0 0
G_00304 1 0 0 0 0 0 0 0 0 0 0 0
G_03612 0 0 0 0 0 0 0 1 0 1 0 0
G_04720 1 0 0 0 0 0 0 0 0 0 0 0
G_03475 1 0 0 0 0 0 0 0 0 0 0 0
G_05122 0 0 0 0 0 0 1 0 0 0 0 0
G_04584 0 0 0 0 0 0 0 0 0 0 0 1
G_00626 0 0 0 0 0 0 1 0 0 0 0 0
G_02215 1 0 0 0 0 0 0 0 0 0 0 0
G_03541 1 0 0 0 0 0 0 0 0 0 0 0
G_03674 0 0 0 0 0 0 0 1 0 1 0 0
G_01578 1 0 0 0 0 0 0 0 0 0 0 0
G_03309 1 0 0 0 0 0 0 0 0 0 0 0
G_01315 1 0 0 0 0 0 0 0 0 0 0 0
G_02243 0 0 0 0 0 1 0 0 0 0 0 0
G_05034 0 0 0 0 0 0 0 0 0 0 0 1
G_00938 0 0 0 0 0 1 0 0 0 0 0 0
G_04392 0 0 0 0 0 0 1 0 0 0 0 0
G_04380 1 0 0 0 0 0 0 0 0 0 0 0
G_03911 0 0 0 0 0 0 1 0 0 0 0 0
G_03142 1 0 0 0 0 0 0 0 0 0 0 0
G_04719 0 0 0 0 0 0 1 0 0 0 0 0
G_03251 1 0 0 0 0 0 0 0 0 0 0 0
G_04456 1 0 0 0 0 0 0 0 0 0 0 0
G_04533 2 0 0 0 0 0 2 1 0 1 0 0
G_03836 1 0 0 0 0 0 0 0 0 0 0 0
G_02444 1 0 0 0 0 0 0 0 0 0 0 0
G_04365 0 0 0 0 0 0 1 0 0 0 0 0
G_03785 0 0 0 0 0 0 1 0 0 0 0 0
G_03820 0 0 0 0 0 0 1 0 0 0 0 0
G_03652 0 1 0 1 0 0 0 0 0 0 0 0
G_00580 1 0 0 0 0 0 0 0 0 0 0 0
G_01852 0 0 0 0 0 0 0 0 0 0 0 1
