locus_tag p_1 p_2 p_2V p_2S p_3 p_4 q_1 q_2 q_2V q_2S q_3 q_4
G_00749 0 0 0 0 0 0 0 1 0 1 0 0
G_00310 0 0 0 0 0 0 1 0 0 0 0 0
G_05386 1 0 0 0 0 0 0 0 0 0 0 0
G_05389 0 0 0 0 0 0 0 0 0 0 0 1
G_01836 0 0 0 0 0 0 0 0 0 0 0 1
G_00407 0 0 0 0 0 0 1 0 0 0 0 0
G_02061 1 0 0 0 0 0 0 0 0 0 0 0
G_01814 0 3 0 3 0 0 0 0 0 0 0 0
G_03048 1 0 0 0 0 0 0 0 0 0 0 0
G_03667 0 0 0 0 0 1 0 0 0 0 0 0
G_01675 0 1 0 1 0 0 0 0 0 0 0 0
G_01160 0 0 0 0 0 0 1 0 0 0 0 0
G_03194 1 0 0 0 0 0 0 0 0 0 0 0
G_03821 0 0 0 0 0 1 0 0 0 0 0 0
G_01679 0 0 0 0 0 1 0 0 0 0 0 0
G_03481 1 0 0 0 0 0 0 0 0 0 0 0
G_04932 0 0 0 0 0 0 1 0 0 0 0 0
G_00848 1 0 0 0 0 0 0 0 0 0 0 0
G_03243 1 0 0 0 0 0 0 0 0 0 0 0
G_02998 1 0 0 0 0 0 0 0 0 0 0 0
G_00803 0 1 0 1 0 0 0 0 0 0 0 0
G_00734 0 0 0 0 0 0 1 0 0 0 0 0
G_00900 0 1 0 1 0 0 0 0 0 0 0 0
G_02091 0 0 0 0 0 0 0 1 0 1 0 0
G_04786 1 0 0 0 0 0 0 0 0 0 0 0
G_03940 1 0 0 0 0 0 0 0 0 0 0 0
G_00128 0 0 0 0 0 0 1 0 0 0 0 0
G_00389 0 0 0 0 0 1 0 0 0 0 0 0
G_00067 1 0 0 0 0 0 0 0 0 0 0 0
G_00286 0 0 0 0 0 0 0 0 0 0 0 1
G_01915 0 0 0 0 0 1 0 0 0 0 0 0
G_05335 1 0 0 0 0 0 0 0 0 0 0 0
G_02678 0 0 0 0 0 1 0 0 0 0 0 0
G_05446 1 0 0 0 0 0 0 0 0 0 0 0
G_02587 1 0 0 0 0 0 0 0 0 0 0 0
G_04274 2 0 0 0 0 0 0 0 0 0 0 0
G_03519 0 0 0 0 0 0 0 0 0 0 0 1
G_04105 1 0 0 0 0 0 0 0 0 0 0 0
G_02389 0 0 0 0 0 0 1 0 0 0 0 0
G_01906 0 0 0 0 0 0 1 0 0 0 0 0
G_03360 0 0 0 0 0 0 0 0 0 0 0 1
G_00638 0 0 0 0 0 1 0 0 0 0 0 0
G_05171 0 0 0 0 0 0 0 0 0 0 0 1
G_01313 1 0 0 0 0 0 0 0 0 0 0 0
G_03033 1 0 0 0 0 0 0 0 0 0 0 0
G_01724 0 0 0 0 0 0 1 0 0 0 0 0
G_00500 1 0 0 0 0 0 0 0 0 0 0 0
G_01822 1 0 0 0 0 0 0 0 0 0 0 0
G_01555 1 0 0 0 0 0 0 0 0 0 0 0
G_04147 0 0 0 0 0 1 0 0 0 0 0 0
G_00325 1 0 0 0 0 0 0 0 0 0 0 0
G_02320 0 0 0 0 0 0 1 0 0 0 0 0
G_03300 0 0 0 0 0 1 0 0 0 0 0 0
G_00918 0 0 0 0 0 0 1 0 0 0 0 0
G_02194 0 0 0 0 0 0 1 0 0 0 0 0
G_05223 0 0 0 0 0 1 0 0 0 0 0 0
G_01332 1 0 0 0 0 0 0 0 0 0 0 0
G_03285 0 0 0 0 0 0 1 0 0 0 0 0
G_04559 1 0 0 0 0 0 0 0 0 0 0 0
G_04005 1 0 0 0 0 0 0 0 0 0 0 0
G_04346 1 0 0 0 0 0 0 0 0 0 0 0
G_04282 0 0 0 0 0 1 0 0 0 0 0 0
