locus_tag p_1 p_2 p_2V p_2S p_3 p_4 q_1 q_2 q_2V q_2S q_3 q_4
G_04940 0 0 0 0 0 1 0 0 0 0 0 0
G_03060 0 0 0 0 0 1 0 0 0 0 0 0
G_04643 0 0 0 0 0 0 0 0 0 0 0 1
G_02422 0 1 0 1 0 0 0 0 0 0 0 0
G_01815 1 1 0 1 0 0 0 1 0 1 0 2
G_01628 0 0 0 0 0 0 1 0 0 0 0 0
G_01411 0 0 0 0 0 0 1 0 0 0 0 0
G_01814 2 2 0 2 0 0 2 1 0 1 0 1
G_04632 0 1 0 1 0 0 0 0 0 0 0 0
G_03168 0 0 0 0 0 0 0 1 0 1 0 0
G_02843 0 0 0 0 0 1 0 0 0 0 0 0
G_04570 0 1 0 1 0 0 0 0 0 0 0 1
G_00201 1 0 0 0 0 0 0 0 0 0 0 0
G_03154 1 0 0 0 0 0 0 0 0 0 0 0
