locus_tag p_1 p_2 p_2V p_2S p_3 p_4 q_1 q_2 q_2V q_2S q_3 q_4
G_05161 0 0 0 0 0 0 1 0 0 0 0 0
G_02042 0 0 0 0 0 0 2 0 0 0 0 0
G_04957 1 0 0 0 0 0 0 0 0 0 0 0
G_00767 1 0 0 0 0 0 0 0 0 0 0 0
G_03371 0 0 0 0 0 0 1 0 0 0 0 0
G_01448 0 0 0 0 0 0 0 0 0 0 0 1
G_01449 1 0 0 0 0 0 0 0 0 0 0 0
G_04939 0 0 0 0 0 0 0 0 0 0 0 1
G_00533 0 0 0 0 0 1 0 0 0 0 0 0
G_01733 0 0 0 0 0 0 1 0 0 0 0 0
G_02022 1 0 0 0 0 0 0 0 0 0 0 0
G_01583 1 0 0 0 0 0 0 0 0 0 0 0
G_04371 0 1 0 1 0 0 0 0 0 0 0 0
G_03796 0 0 0 0 0 0 0 0 0 0 0 1
G_03557 0 0 0 0 0 1 0 0 0 0 0 0
G_01809 1 0 0 0 0 0 0 0 0 0 0 0
G_05119 0 0 0 0 0 0 0 0 0 0 0 1
G_05070 0 0 0 0 0 0 0 0 0 0 0 1
G_04887 1 0 0 0 0 0 0 0 0 0 0 0
G_02071 0 0 0 0 0 0 0 0 0 0 0 1
G_05421 0 0 0 0 0 0 0 0 0 0 0 1
G_00638 0 0 0 0 0 1 0 0 0 0 0 0
G_05035 0 0 0 0 0 0 1 0 0 0 0 0
G_00933 0 0 0 0 0 0 0 0 0 0 0 1
G_02115 1 0 0 0 0 0 0 0 0 0 0 0
G_03997 0 0 0 0 0 0 1 0 0 0 0 0
G_00954 0 0 0 0 0 0 1 0 0 0 0 0
G_01330 1 0 0 0 0 0 0 0 0 0 0 0
G_04533 1 0 0 0 0 0 1 0 0 0 0 0
G_01796 1 0 0 0 0 0 0 0 0 0 0 0
G_01955 1 0 0 0 0 0 0 0 0 0 0 0
G_03789 1 0 0 0 0 0 0 0 0 0 0 0
G_04263 1 0 0 0 0 0 0 0 0 0 0 0
