locus_tag p_1 p_2 p_2V p_2S p_3 p_4 q_1 q_2 q_2V q_2S q_3 q_4
G_02304 0 0 0 0 0 1 0 0 0 0 0 0
G_03060 0 0 0 0 0 0 1 0 0 0 0 0
G_01243 1 0 0 0 0 0 0 0 0 0 0 0
G_01082 0 0 0 0 0 0 1 0 0 0 0 0
G_00039 0 0 0 0 0 0 1 0 0 0 0 0
G_01511 0 0 0 0 0 0 0 0 0 0 0 1
G_00988 0 0 0 0 0 0 0 0 0 0 0 1
G_04672 1 0 0 0 0 0 0 0 0 0 0 0
G_03377 1 0 0 0 0 0 0 0 0 0 0 0
G_01264 1 0 0 0 0 0 0 0 0 0 0 0
G_02626 0 0 0 0 0 0 1 0 0 0 0 0
G_00254 0 0 0 0 0 0 0 0 0 0 0 1
G_00448 1 0 0 0 0 0 0 0 0 0 0 0
G_02431 1 0 0 0 0 0 0 0 0 0 0 0
G_02009 0 0 0 0 0 0 1 0 0 0 0 0
G_03768 0 0 0 0 0 0 0 0 0 0 0 1
G_02696 0 0 0 0 0 0 0 1 0 1 0 0
G_03066 1 0 0 0 0 0 0 0 0 0 0 0
G_03644 1 0 0 0 0 0 0 0 0 0 0 0
G_00625 1 0 0 0 0 0 0 0 0 0 0 0
G_00626 0 0 0 0 0 0 1 0 0 0 0 0
G_04683 1 0 0 0 0 0 0 0 0 0 0 0
G_04788 0 0 0 0 0 0 1 0 0 0 0 0
G_02084 1 0 0 0 0 0 0 0 0 0 0 0
G_05216 1 0 0 0 0 0 0 0 0 0 0 0
G_03885 0 0 0 0 0 0 0 0 0 0 0 1
G_00589 1 0 0 0 0 0 0 0 0 0 0 0
G_04441 1 0 0 0 0 0 0 0 0 0 0 0
G_02089 0 1 0 1 0 0 0 0 0 0 0 0
G_04162 0 0 0 0 0 0 1 0 0 0 0 0
G_04057 0 0 0 0 0 0 0 0 0 0 0 1
G_00061 0 0 0 0 0 1 0 0 0 0 0 0
G_00293 1 0 0 0 0 0 0 0 0 0 0 0
G_02487 0 1 0 1 0 0 0 0 0 0 0 0
G_01457 0 0 0 0 0 0 1 0 0 0 0 0
G_00064 0 0 0 0 0 1 0 0 0 0 0 0
G_00673 0 0 0 0 0 0 0 1 0 1 0 0
G_04112 0 0 0 0 0 0 1 0 0 0 0 0
G_05052 1 0 0 0 0 0 0 0 0 0 0 0
G_00654 0 0 0 0 0 0 1 0 0 0 0 0
G_04888 0 0 0 0 0 0 1 0 0 0 0 0
G_04129 1 0 0 0 0 0 0 0 0 0 0 0
G_01906 0 0 0 0 0 1 0 0 0 0 0 0
G_04887 1 0 0 0 0 0 0 0 0 0 0 0
G_03739 0 1 0 1 0 0 0 0 0 0 0 0
G_04967 0 0 0 0 0 0 0 0 0 0 1 0
G_00504 1 0 0 0 0 0 0 0 0 0 0 0
G_01416 0 0 0 0 0 0 1 0 0 0 0 0
G_03633 0 0 0 0 0 0 0 0 0 0 0 1
G_01662 0 0 0 0 0 0 0 1 0 1 0 0
G_01552 0 0 0 0 0 0 0 0 0 0 0 1
G_03838 1 0 0 0 0 0 0 0 0 0 0 0
G_01116 1 0 0 0 0 0 0 0 0 0 0 0
G_04842 1 0 0 0 0 0 0 0 0 0 0 0
G_04413 1 0 0 0 0 0 0 0 0 0 0 0
G_04849 0 0 0 0 0 1 0 0 0 0 0 0
G_04873 0 0 0 0 0 0 1 0 0 0 0 0
G_04418 0 0 0 0 1 0 0 0 0 0 0 0
G_04349 0 0 0 0 0 1 0 0 0 0 0 0
G_03424 0 0 0 0 0 0 0 1 0 1 0 0
G_00298 0 0 0 0 0 0 0 0 0 0 0 1
G_00019 1 0 0 0 0 0 0 0 0 0 0 0
G_02731 0 0 0 0 0 0 1 0 0 0 0 0
G_04520 1 0 0 0 0 0 0 0 0 0 0 0
G_04602 0 0 0 0 0 1 0 0 0 0 0 0
G_03425 1 0 0 0 0 0 0 0 0 0 0 0
