locus_tag p_1 p_2 p_2V p_2S p_3 p_4 q_1 q_2 q_2V q_2S q_3 q_4
G_04131 1 0 0 0 0 0 0 0 0 0 0 0
G_01423 0 0 0 0 0 0 0 1 0 1 0 0
G_00742 0 0 0 0 0 1 0 0 0 0 0 0
G_04138 0 0 0 0 0 0 0 0 0 0 0 1
G_04225 0 0 0 0 0 0 1 0 0 0 0 0
G_02203 1 0 0 0 0 0 0 0 0 0 0 0
G_01816 0 0 0 0 0 0 1 0 0 0 0 0
G_01000 0 0 0 0 0 0 1 0 0 0 0 0
G_01898 0 0 0 0 0 0 1 0 0 0 0 0
G_03622 1 0 0 0 0 1 0 0 0 0 0 0
G_01761 0 0 0 0 0 1 0 0 0 0 0 0
G_02700 0 0 0 0 0 1 0 0 0 0 0 0
G_01507 0 0 0 0 1 0 0 0 0 0 0 0
G_02984 0 1 0 1 0 0 0 0 0 0 0 0
G_02814 0 0 0 0 0 1 0 0 0 0 0 0
G_01385 0 0 0 0 0 0 1 0 0 0 0 0
G_02934 0 0 0 0 0 0 1 0 0 0 0 0
G_00634 1 0 0 0 0 0 0 0 0 0 0 0
G_02058 0 1 0 1 0 0 0 0 0 0 0 0
G_01414 1 0 0 0 0 0 0 0 0 0 0 0
G_03453 1 0 0 0 0 0 0 0 0 0 0 0
G_01410 1 0 0 0 0 0 0 0 0 0 0 0
G_01494 0 1 0 1 0 0 0 0 0 0 0 0
G_03751 0 0 0 0 0 1 0 0 0 0 0 0
G_01887 1 0 0 0 0 0 0 0 0 0 0 0
G_02342 0 1 0 1 0 0 0 0 0 0 0 0
G_03050 0 0 0 0 0 1 0 0 0 0 0 0
G_03758 0 0 0 0 0 0 0 1 0 1 0 0
G_04985 1 0 0 0 0 1 0 0 0 0 0 0
G_05204 1 0 0 0 0 0 0 0 0 0 0 0
G_04530 2 0 0 0 0 0 0 0 0 0 0 0
G_02825 0 1 0 1 0 0 0 0 0 0 0 0
G_05453 0 0 0 0 0 0 1 0 0 0 0 0
G_00317 0 0 0 0 0 0 1 0 0 0 0 0
G_04152 0 0 0 0 0 1 0 0 0 0 0 0
G_03111 0 0 0 0 0 1 0 0 0 0 0 0
G_01089 0 0 0 0 0 0 1 0 0 0 0 0
G_00922 0 1 0 1 0 0 0 0 0 0 0 0
G_01673 1 0 0 0 0 0 0 0 0 0 0 0
G_00729 0 0 0 0 0 1 0 0 0 0 0 0
G_00885 1 0 0 0 0 0 0 0 0 0 0 0
G_01367 1 0 0 0 0 0 0 0 0 0 0 0
G_00802 1 0 0 0 0 0 0 0 0 0 0 0
G_02182 0 1 1 0 0 0 0 0 0 0 0 0
G_04524 0 2 0 2 0 1 0 0 0 0 0 1
G_02662 1 0 0 0 0 0 0 0 0 0 0 0
G_04234 1 0 0 0 0 1 0 0 0 0 0 0
G_05449 0 0 0 0 0 0 0 0 0 0 0 1
G_05338 1 0 0 0 0 0 0 0 0 0 0 0
G_02838 1 0 0 0 0 0 0 0 0 0 0 0
G_05156 0 0 0 0 0 1 0 0 0 0 0 0
G_04097 1 0 0 0 0 0 1 0 0 0 0 0
G_02175 0 0 0 0 0 1 0 0 0 0 0 0
G_00891 0 1 0 1 0 0 0 0 0 0 0 0
G_03470 0 0 0 0 0 0 1 0 0 0 0 0
G_02369 1 0 0 0 0 0 0 0 0 0 0 0
G_01273 1 0 0 0 0 0 0 0 0 0 0 0
G_04805 0 0 0 0 0 1 0 0 0 0 0 0
G_03779 1 0 0 0 0 0 0 0 0 0 0 0
G_03167 0 0 0 0 0 1 0 0 0 0 0 0
G_03162 1 0 0 0 0 0 0 0 0 0 0 0
G_00952 0 0 0 0 0 0 1 0 0 0 0 0
G_03284 0 0 0 0 0 0 1 0 0 0 0 0
G_04558 1 0 0 0 0 0 0 0 0 0 0 0
G_00396 1 0 0 0 0 0 0 0 0 0 0 0
G_04001 0 1 0 1 0 0 0 0 0 0 0 0
G_02845 0 0 0 0 0 1 0 0 0 0 0 0
G_04775 0 0 0 0 0 0 0 0 0 0 0 1
G_01756 0 0 0 0 0 1 0 0 0 0 0 0
G_02274 1 0 0 0 0 0 0 0 0 0 0 0
G_02315 0 0 0 0 0 1 0 0 0 0 0 0
G_04388 0 0 0 0 0 1 0 0 0 0 0 0
G_04389 1 0 0 0 0 0 0 0 0 0 0 0
G_01187 0 0 0 0 0 1 0 0 0 0 0 0
G_01465 1 0 0 0 0 0 0 0 0 0 0 0
G_01461 1 0 0 0 0 0 0 0 0 0 0 0
G_01180 0 1 0 1 0 0 0 0 0 0 0 0
G_00944 1 0 0 0 0 0 0 0 0 0 0 0
G_05315 0 1 0 1 0 0 0 0 0 0 0 0
G_02083 0 0 0 0 0 0 0 0 0 0 0 1
G_02994 0 0 0 0 0 1 0 0 0 0 0 0
G_02997 0 1 1 0 0 0 0 0 0 0 0 0
G_01067 1 0 0 0 0 0 0 0 0 0 0 0
G_03577 1 0 0 0 0 0 0 0 0 0 0 0
G_02919 0 0 0 0 0 1 0 0 0 0 0 0
G_02489 0 0 0 0 0 0 0 0 0 0 0 1
G_00381 1 0 0 0 0 0 0 0 0 0 0 0
G_03260 0 1 0 1 0 0 0 0 0 0 0 0
G_01512 1 0 0 0 0 0 0 0 0 0 0 0
G_03447 1 0 0 0 0 0 0 0 0 0 0 0
G_04603 0 0 0 0 0 1 0 0 0 0 0 0
G_04602 1 0 0 0 0 0 0 0 0 0 0 0
G_02387 0 1 1 0 0 0 0 0 0 0 0 0
G_02151 0 0 0 0 0 0 1 0 0 0 0 0
G_02153 1 0 0 0 0 0 0 0 0 0 0 0
G_03149 0 1 0 1 0 0 0 0 0 0 0 0
G_03851 1 0 0 0 0 0 0 0 0 0 0 0
G_02982 0 0 0 0 0 1 0 0 0 0 0 0
G_00361 0 1 1 0 0 0 0 0 0 0 0 0
G_01196 1 0 0 0 0 0 0 0 0 0 0 0
G_05027 1 0 0 0 0 0 0 0 0 0 0 0
G_01212 0 0 0 0 0 1 0 0 0 0 0 0
G_01729 1 0 0 0 0 0 0 0 0 0 0 0
G_00794 0 0 0 0 0 0 1 0 0 0 0 0
G_05081 0 0 0 0 0 0 0 0 0 0 0 1
G_01119 0 0 0 0 0 0 0 0 0 0 0 1
G_00070 1 0 0 0 0 0 0 0 0 0 0 0
G_02711 1 0 0 0 0 1 0 0 0 0 0 0
G_03780 0 0 0 0 0 0 0 0 0 0 0 1
G_03784 1 0 0 0 0 0 0 0 0 0 0 0
G_02906 0 0 0 0 0 0 0 0 0 0 0 1
G_03540 1 0 0 0 0 0 0 0 0 0 0 0
G_04308 1 0 0 0 0 0 0 0 0 0 0 0
G_02901 1 0 0 0 0 0 0 0 0 0 0 0
G_03725 1 0 0 0 0 0 0 0 0 0 0 0
G_03154 0 0 0 0 0 0 1 0 0 0 0 0
G_03721 0 0 0 0 0 0 0 1 0 1 0 0
G_01630 0 0 0 0 0 0 0 0 0 0 0 1
G_04491 0 0 0 0 0 1 0 0 0 0 0 0
G_04046 0 0 0 0 0 1 0 0 0 0 0 0
G_02330 1 0 0 0 0 0 0 0 0 0 0 0
G_03646 1 0 0 0 0 0 0 0 0 0 0 0
G_02025 1 0 0 0 0 0 0 0 0 0 0 0
G_01739 0 0 0 0 0 1 0 0 0 0 0 0
G_01123 0 0 0 0 0 0 1 0 0 0 0 0
G_00681 0 0 0 0 0 0 0 0 0 0 0 1
G_04879 1 0 0 0 0 0 0 0 0 0 0 0
G_00166 1 0 0 0 0 0 0 0 0 0 0 0
G_04163 0 0 0 0 1 0 0 0 0 0 0 0
G_05404 1 0 0 0 0 1 0 0 0 0 0 0
G_05400 0 0 0 0 0 1 0 0 0 0 0 0
G_00284 1 0 0 0 0 0 0 0 0 0 0 0
G_05275 1 0 0 0 0 0 0 0 0 0 0 0
G_00224 0 1 0 1 0 0 0 0 0 0 0 0
G_03730 0 0 0 0 0 0 1 0 0 0 0 0
G_02035 1 0 0 0 0 0 0 0 0 0 0 0
G_00221 0 0 0 0 0 0 1 0 0 0 0 0
G_00115 0 1 1 0 0 0 0 0 0 0 0 0
G_02031 0 1 1 0 0 0 0 0 0 0 0 0
G_04581 1 0 0 0 0 0 0 0 0 0 0 0
G_04966 1 0 0 0 0 0 0 0 0 0 0 0
G_04967 0 0 0 0 0 1 0 0 0 0 0 0
G_03244 1 0 0 0 0 0 0 0 0 0 0 0
G_05294 1 0 0 0 0 0 0 0 0 0 0 0
G_04295 0 0 0 0 0 0 1 0 0 0 0 0
G_02444 0 0 0 0 0 0 1 0 0 0 0 0
G_03635 1 0 0 0 0 0 0 0 0 0 0 0
G_01332 0 0 0 0 0 0 0 0 0 0 0 1
G_00209 1 0 0 0 0 0 0 0 0 0 0 0
G_01336 1 0 0 0 0 0 0 0 0 0 0 0
G_02806 1 0 0 0 0 0 0 0 0 0 0 0
G_01694 0 1 0 1 0 0 0 0 0 0 0 0
G_01931 0 0 0 0 0 1 0 0 0 0 0 0
