locus_tag p_1 p_2 p_2V p_2S p_3 p_4 q_1 q_2 q_2V q_2S q_3 q_4
G_00236 0 0 0 0 0 0 0 0 0 0 0 1
G_04068 1 0 0 0 0 1 0 0 0 0 0 0
G_03371 1 0 0 0 0 0 0 0 0 0 0 0
G_05431 0 0 0 0 0 0 0 1 0 1 0 0
G_01089 1 0 0 0 0 0 0 0 0 0 0 0
G_00516 1 0 0 0 0 0 0 0 0 0 0 0
G_03134 0 1 0 1 0 0 0 0 0 0 0 0
G_02351 0 0 0 0 0 0 1 0 0 0 0 0
G_01806 0 0 0 0 0 0 0 0 0 0 0 1
G_00473 0 0 0 0 0 0 0 0 0 0 0 1
G_01433 0 1 0 1 0 0 0 0 0 0 0 0
G_03204 1 0 0 0 0 0 0 0 0 0 0 0
G_04601 0 1 0 1 0 0 0 0 0 0 0 0
G_00638 0 0 0 0 0 0 0 0 0 0 0 1
G_01926 0 0 0 0 0 1 0 0 0 0 0 0
G_02305 1 0 0 0 0 0 0 0 0 0 0 0
G_03244 1 0 0 0 0 0 0 0 0 0 0 0
G_02215 0 0 0 0 0 0 1 0 0 0 0 0
G_00187 0 1 0 1 0 0 0 0 0 0 0 0
G_00628 1 0 0 0 0 0 0 0 0 0 0 0
G_05221 1 0 0 0 0 0 0 0 0 0 0 0
G_03894 0 1 0 1 0 0 0 0 0 0 0 0
G_02613 1 0 0 0 0 0 0 0 0 0 0 0
G_04574 1 0 0 0 0 0 0 0 0 0 0 0
