locus_tag p_1 p_2 p_2V p_2S p_3 p_4 q_1 q_2 q_2V q_2S q_3 q_4
G_01226 0 0 0 0 0 0 0 0 0 0 0 1
G_01623 0 0 0 0 0 1 0 0 0 0 0 0
G_05108 1 0 0 0 0 0 0 0 0 0 0 0
G_03604 0 0 0 0 0 0 0 0 0 0 0 1
G_01396 0 0 0 0 0 0 1 0 0 0 0 0
G_01005 1 0 0 0 0 0 0 0 0 0 0 0
G_00782 1 0 0 0 0 0 0 0 0 0 0 0
G_02604 0 0 0 0 0 0 0 0 0 0 0 1
G_04491 0 0 0 0 0 1 0 0 0 0 0 0
G_01660 0 1 0 1 0 0 0 0 0 0 0 0
G_03792 0 0 0 0 0 0 0 1 0 1 0 0
G_05016 0 0 0 0 0 0 1 0 0 0 0 0
G_00514 0 0 0 0 0 0 0 0 0 0 0 1
G_02572 1 0 0 0 0 0 0 0 0 0 0 0
G_03891 0 0 0 0 0 0 0 0 0 0 0 1
G_02336 1 0 0 0 0 0 0 0 0 0 0 0
G_02843 1 0 0 0 0 0 0 0 0 0 0 0
G_03142 0 0 0 0 0 0 1 0 0 0 0 0
G_04006 0 0 0 0 0 1 0 0 0 0 0 0
G_04407 0 0 0 0 0 0 1 0 0 0 0 0
G_01962 1 0 0 0 0 0 0 0 0 0 0 0
