locus_tag p_1 p_2 p_2V p_2S p_3 p_4 q_1 q_2 q_2V q_2S q_3 q_4
G_03272 0 0 0 0 0 0 1 0 0 0 0 0
G_02068 1 0 0 0 0 0 0 0 0 0 0 0
G_01247 0 0 0 0 0 0 0 1 0 1 0 0
G_05411 1 0 0 0 0 0 0 0 0 0 0 0
G_04974 1 0 0 0 0 0 0 0 0 0 0 0
G_02636 1 0 0 0 0 0 0 0 0 0 0 0
G_05412 1 0 0 0 0 0 0 0 0 0 0 0
G_04225 1 0 0 0 0 0 0 0 0 0 0 0
G_01814 0 0 0 0 0 0 0 0 0 0 0 1
G_04118 0 0 0 0 0 0 0 1 0 1 0 0
G_02287 1 0 0 0 0 0 0 0 0 0 0 0
G_03766 0 0 0 0 0 0 1 0 0 0 0 0
G_01717 1 0 0 0 0 0 0 0 0 0 0 0
G_00550 1 0 0 0 0 0 0 0 0 0 0 0
G_03642 0 0 0 0 0 0 1 0 0 0 0 0
G_03964 1 0 0 0 0 0 0 0 0 0 0 0
G_03946 0 1 0 1 0 0 0 0 0 0 0 0
G_05255 1 0 0 0 0 0 0 0 0 0 0 0
G_00046 0 0 0 0 0 0 1 0 0 0 0 0
G_01485 0 0 0 0 0 0 1 0 0 0 0 0
G_03615 0 0 0 0 0 0 0 1 0 1 0 0
G_05293 0 0 0 0 0 0 1 0 0 0 0 0
G_01258 0 1 0 1 0 0 0 0 0 0 0 0
G_00898 0 1 0 1 0 0 0 0 0 0 0 0
G_03377 0 0 0 0 0 0 0 0 0 0 0 1
G_00719 1 0 0 0 0 0 0 0 0 0 0 0
G_00857 0 0 0 0 0 0 0 0 0 0 0 1
G_01232 0 0 0 0 0 0 0 1 0 1 0 0
G_01473 0 0 0 0 0 1 0 0 0 0 0 0
G_03836 1 0 0 0 0 0 0 0 0 0 0 0
G_02556 1 0 0 0 0 0 0 0 0 0 0 0
G_02651 0 0 0 0 0 0 0 0 0 0 0 1
