Strain Transfer Rep Mean Std Median Skew Cells
B 1 1 6931.54 988.73 7152.1 -2.8430325985
B 1 4 5264.92 1218.51 5521.97 -1.56208372116
B 1 5 5264.91 1043.7 5399.99 -1.00564610958
B 10 1 6510.72 1301.97 6811.66 -3.10988211632
B 10 2 6551.43 1018.96 6665.37 -2.09461116791
B 10 3 6698.46 1172.37 6846.54 -1.82736957073
B 10 4 6573.68 1063.14 6730.26 -2.17990040779
B 10 5 3507.56 2438.67 3222.15 0.0975478440523
B 100 1 1975.23 1833.49 1295.79 1.14903056622
B 100 2 3409.95 3118.02 2847.02 0.248808175325
B 100 3 2090.86 1849.12 1611.4 1.15838837624
B 100 4 2547.72 1481.66 2288.79 1.22932827473
B 100 5 1310.46 1387.84 807.382 1.84159290791
C 1 1 4359.38 1081.04 4457.8 -0.372946321964
C 1 4 3631.38 1019.85 3603.47 0.122613750398
C 1 5 3302.36 1019.72 3228.29 0.343922108412
C 10 1 3834.37 1797.56 4079.69 -0.342181771994
C 10 2 3115.86 1496.35 3054.83 0.208502590656
C 10 3 2165.56 1207.25 1954.56 1.03799247742
C 10 4 2072.37 1315.89 1834.08 0.961294829845
C 10 5 2416.32 1302.29 2266.69 0.599381089211
C 100 1 1844.23 1199.24 1528.2 1.40842998028
C 100 2 2158.93 1380.78 1774.1 1.66114425659
C 100 3 1445.87 962.455 1196.45 2.10574126244
C 100 4 2170.32 1234.84 1880.63 0.993748962879
C 100 5 1822.49 1121.42 1511.01 1.47174525261
D 1 1 7302.67 3038.36 8596.67 -1.78890001774
D 1 2 8309.61 603.814 8340.57 -5.12656879425
D 1 3 7080.95 1697.6 7379.04 -3.11927914619
D 1 4 7290.83 1879.04 7762.75 -2.97236847878
D 1 5 7146.7 1748.95 7505.24 -3.0878264904
D 10 1 5075.2 3354.82 7121.73 -0.593522071838
D 10 2 7911.03 1151.85 8105.22 -3.70522451401
D 10 4 7895.08 1178.03 8082.77 -2.99786305428
D 10 5 7700.93 1075.64 7776.33 -2.80011248589
D 100 1 788.077 1542.01 89.551 2.15462613106
D 100 2 5303.87 1528.62 5664.11 -1.1074398756
D 100 3 4806.83 1900.0 5427.37 -0.441054672003
D 100 4 5284.97 1622.56 5709.21 -1.12121415138
D 100 5 5190.99 1503.72 5549.55 -0.893376886845
F 1 1 3591.2 1891.43 3095.13 0.346918970346
F 1 2 4306.49 2656.85 5237.19 -0.445411503315
F 1 3 2803.53 1382.87 2429.64 1.07554268837
F 1 4 2128.87 1229.71 1868.68 1.03011035919
F 1 5 1960.33 923.545 1772.4 1.32696783543
F 10 1 4798.7 1159.2 4972.84 -1.00580143929
F 10 3 3899.22 2042.48 4302.59 -0.265141129494
F 10 4 1834.07 1382.83 1375.2 1.32712757587
F 10 5 2210.14 1442.65 1810.97 1.03327357769
F 100 1 2078.12 1323.99 1798.0 1.20112788677
F 100 2 2361.17 1224.28 2206.74 0.678854584694
F 100 3 1735.61 1025.1 1555.68 1.40673875809
F 100 4 1837.56 1038.32 1622.54 1.83512616158
F 100 5 1408.21 926.568 1200.21 2.15978145599
P 1 1 4005.09 1837.83 4671.51 -0.533726215363
P 1 2 2871.87 1642.04 2629.28 0.363976299763
P 1 3 3151.77 1305.67 3045.29 0.291888833046
P 1 4 3311.72 1486.94 3304.25 0.0310178492218
P 1 5 3413.7 1238.23 3288.55 0.30956068635
P 10 1 1760.22 1057.98 1461.38 1.70091211796
P 10 2 1972.25 892.594 1776.26 1.18317317963
P 10 3 2282.91 1053.22 2089.95 0.921619713306
P 10 4 2161.08 1175.23 1849.47 1.23997819424
P 10 5 3203.95 1385.1 3028.58 0.464555442333
P 100 1 1971.14 1263.28 1617.4 1.66434001923
P 100 2 2092.6 1370.76 1698.91 1.59214651585
P 100 3 2122.92 1311.74 1787.84 1.42569673061
P 100 4 2544.51 1706.68 1876.36 1.00828051567
P 100 5 1935.93 1368.85 1520.0 1.76180696487
J 1 1 3380.98 1247.53 3368.19 0.0660030320287
J 1 4 2564.57 1418.65 2195.55 0.72699958086
J 1 5 2922.82 1196.87 2714.79 0.621735990047
J 10 1 388.535 463.195 256.83 4.01105260849
J 10 2 3372.28 1399.07 3344.01 0.0604595504701
J 10 4 3040.18 1433.71 2799.69 0.436395257711
J 10 5 2270.72 1346.15 2055.83 0.851378917694
J 100 1 1471.15 1416.27 1021.43 1.74014008045
J 100 3 164.11 236.66 133.684 6.71596574783
J 100 4 576.384 745.987 385.427 4.6287150383
J 100 5 322.043 616.62 190.941 5.78507852554
