locus_tag p_1 p_2 p_2V p_2S p_3 p_4 q_1 q_2 q_2V q_2S q_3 q_4
B4U62_07650 1 0 0 0 0 0 0 0 0 0 0 0
B4U62_02095 0 0 0 0 0 1 0 0 0 0 0 0
B4U62_17655 1 0 0 0 0 0 0 0 0 0 0 0
B4U62_00030 1 0 0 0 0 0 0 0 0 0 0 0
B4U62_18310 0 1 0 1 0 0 0 0 0 0 0 0
B4U62_06430 1 0 0 0 0 0 0 0 0 0 0 0
B4U62_18670 0 0 0 0 1 0 0 0 0 0 0 0
B4U62_16300 1 0 0 0 0 0 0 0 0 0 0 0
B4U62_01785 1 0 0 0 0 0 0 0 0 0 0 0
B4U62_08015 0 0 0 0 0 1 0 0 0 0 0 0
B4U62_06330 0 0 0 0 0 0 1 0 0 0 0 0
B4U62_08915 1 0 0 0 0 0 0 0 0 0 0 0
B4U62_20960 1 0 0 0 0 0 0 0 0 0 0 0
B4U62_13655 1 0 0 0 0 0 0 0 0 0 0 0
B4U62_19435 0 1 0 1 0 0 0 0 0 0 0 0
B4U62_16910 1 0 0 0 0 0 0 0 0 0 0 0
B4U62_01245 1 0 0 0 0 0 0 0 0 0 0 0
B4U62_18305 0 0 0 0 0 0 1 0 0 0 0 0
B4U62_06285 0 1 0 1 0 0 0 0 0 0 0 0
B4U62_20610 0 0 0 0 0 1 0 0 0 0 0 0
