locus_tag p_1 p_2 p_2V p_2S p_3 p_4 q_1 q_2 q_2V q_2S q_3 q_4
B4U62_01895 0 1 0 1 0 0 0 0 0 0 0 0
B4U62_17535 0 0 0 0 0 0 1 0 0 0 0 0
B4U62_05750 1 0 0 0 0 0 0 0 0 0 0 0
B4U62_03650 0 1 1 0 0 0 0 0 0 0 0 0
B4U62_07685 0 0 0 0 0 0 1 0 0 0 0 0
B4U62_09955 0 1 0 1 0 0 0 0 0 0 0 0
B4U62_14450 1 0 0 0 0 0 0 0 0 0 0 0
B4U62_06330 1 0 0 0 0 0 0 0 0 0 0 0
B4U62_05220 1 0 0 0 0 0 0 0 0 0 0 0
B4U62_13595 1 0 0 0 0 0 0 0 0 0 0 0
B4U62_14595 1 0 0 0 0 0 0 0 0 0 0 0
B4U62_21210 0 0 0 0 0 1 0 0 0 0 0 0
B4U62_21215 1 0 0 0 0 0 0 0 0 0 0 0
B4U62_13875 0 0 0 0 0 0 1 0 0 0 0 0
B4U62_04055 0 1 1 0 0 0 0 0 0 0 0 0
B4U62_19465 1 0 0 0 0 0 0 0 0 0 0 0
B4U62_07200 1 0 0 0 0 0 0 0 0 0 0 0
B4U62_08865 1 0 0 0 0 0 0 0 0 0 0 0
B4U62_00895 0 0 0 0 0 1 0 0 0 0 0 0
B4U62_09020 1 0 0 0 0 0 0 0 0 0 0 0
B4U62_16230 1 0 0 0 0 0 0 0 0 0 0 0
B4U62_18865 1 0 0 0 0 0 0 0 0 0 0 0
B4U62_03510 1 0 0 0 0 0 0 0 0 0 0 0
B4U62_07650 2 0 0 0 0 0 0 0 0 0 0 0
B4U62_20780 0 1 0 1 0 0 0 0 0 0 0 0
B4U62_09270 1 0 0 0 0 0 0 0 0 0 0 0
B4U62_02030 1 0 0 0 0 0 0 0 0 0 0 0
B4U62_18325 2 0 0 0 0 0 0 0 0 0 0 0
B4U62_07580 1 0 0 0 0 0 0 0 0 0 0 0
B4U62_16815 1 0 0 0 0 0 0 0 0 0 0 0
B4U62_18305 0 0 0 0 0 0 1 0 0 0 0 0
B4U62_00710 1 0 0 0 0 0 0 0 0 0 0 0
B4U62_13820 0 0 0 0 1 0 0 0 0 0 0 0
B4U62_06340 1 0 0 0 0 0 0 0 0 0 0 0
B4U62_07825 1 0 0 0 0 0 0 0 0 0 0 0
B4U62_04160 0 1 0 1 0 0 0 0 0 0 0 0
B4U62_07055 1 0 0 0 0 0 0 0 0 0 0 0
B4U62_17655 2 0 0 0 0 0 0 0 0 0 0 0
B4U62_04530 1 0 0 0 0 0 0 0 0 0 0 0
B4U62_06650 0 1 0 1 0 0 0 0 0 0 0 0
B4U62_13610 1 0 0 0 0 0 0 0 0 0 0 0
B4U62_15485 1 0 0 0 0 0 0 0 0 0 0 0
B4U62_13520 1 0 0 0 0 0 0 0 0 0 0 0
B4U62_21045 1 0 0 0 0 0 0 0 0 0 0 0
B4U62_20050 1 0 0 0 0 0 0 0 0 0 0 0
B4U62_13505 0 1 0 1 0 0 0 0 0 0 0 0
B4U62_12255 1 0 0 0 0 0 0 0 0 0 0 0
B4U62_20365 1 0 0 0 0 0 0 0 0 0 0 0
B4U62_20190 1 0 0 0 0 0 0 0 0 0 0 0
B4U62_05715 1 0 0 0 0 0 0 0 0 0 0 0
B4U62_15720 2 0 0 0 0 0 0 0 0 0 0 0
B4U62_18770 0 1 0 1 0 0 0 0 0 0 0 0
