locus_tag p_1 p_2 p_2V p_2S p_3 p_4 q_1 q_2 q_2V q_2S q_3 q_4
B4U62_08395 1 0 0 0 0 0 0 0 0 0 0 0
B4U62_07685 1 0 0 0 0 0 0 0 0 0 0 0
B4U62_04220 0 0 0 0 0 0 0 0 0 0 0 1
B4U62_19295 0 0 0 0 1 0 0 0 0 0 0 0
B4U62_13425 0 0 0 0 0 0 0 1 0 1 0 0
B4U62_08400 0 0 0 0 0 0 1 0 0 0 0 0
B4U62_17960 0 0 0 0 0 0 1 0 0 0 0 0
B4U62_01810 0 0 0 0 0 0 1 0 0 0 0 0
B4U62_12930 1 0 0 0 0 0 0 0 0 0 0 0
B4U62_18375 0 0 0 0 0 0 1 0 0 0 0 0
B4U62_21215 0 0 0 0 0 0 0 0 0 0 0 1
B4U62_20040 0 0 0 0 0 0 1 0 0 0 0 0
B4U62_00575 0 0 0 0 0 0 0 1 0 1 0 0
B4U62_12240 0 0 0 0 0 0 1 0 0 0 0 0
B4U62_15735 0 0 0 0 0 0 1 0 0 0 0 0
B4U62_13295 0 0 0 0 0 0 0 0 0 0 1 0
B4U62_00250 0 1 0 1 0 0 0 0 0 0 0 0
B4U62_12190 1 0 0 0 0 0 0 0 0 0 0 0
B4U62_20080 0 0 0 0 0 1 0 0 0 0 0 0
B4U62_06485 0 0 0 0 0 0 0 0 0 0 1 0
B4U62_09020 0 0 0 0 0 0 1 0 0 0 0 0
B4U62_17850 1 0 0 0 0 0 0 0 0 0 0 0
B4U62_22025 1 0 0 0 0 0 0 0 0 0 0 0
B4U62_10065 0 0 0 0 0 0 1 0 0 0 0 0
B4U62_15945 0 0 0 0 0 0 0 0 0 0 0 1
B4U62_04700 0 0 0 0 0 0 0 0 0 0 0 1
B4U62_01295 0 0 0 0 0 0 0 0 0 0 0 1
B4U62_08265 0 1 0 1 0 0 0 0 0 0 0 0
B4U62_16115 0 0 0 0 0 0 0 0 0 0 0 1
B4U62_04575 0 0 0 0 0 0 1 0 0 0 0 0
B4U62_17270 0 0 0 0 0 0 0 1 0 1 0 0
B4U62_19530 0 0 0 0 0 1 0 0 0 0 0 0
B4U62_18485 0 0 0 0 0 0 0 1 0 1 0 0
B4U62_16545 0 0 0 0 0 0 1 0 0 0 0 0
B4U62_06800 0 0 0 0 0 0 0 1 1 0 0 0
