locus_tag p_1 p_2 p_2V p_2S p_3 p_4 q_1 q_2 q_2V q_2S q_3 q_4
B4U62_12545 1 0 0 0 0 0 0 0 0 0 0 0
B4U62_14745 1 0 0 0 0 0 0 0 0 0 0 0
B4U62_07685 1 0 0 0 0 0 0 0 0 0 0 0
B4U62_17140 1 0 0 0 0 0 0 0 0 0 0 0
B4U62_12425 0 1 1 0 0 0 0 0 0 0 0 0
B4U62_08400 1 0 0 0 0 0 0 0 0 0 0 0
B4U62_06335 0 1 1 0 0 0 1 0 0 0 0 0
B4U62_19585 1 0 0 0 0 0 0 0 0 0 0 0
B4U62_05120 1 0 0 0 0 0 0 0 0 0 0 0
B4U62_18035 1 0 0 0 0 0 0 0 0 0 0 0
B4U62_07730 0 0 0 0 0 1 0 0 0 0 0 0
B4U62_20840 0 0 0 0 0 0 0 0 0 0 1 0
B4U62_20250 1 0 0 0 0 0 0 0 0 0 0 0
B4U62_13385 1 0 0 0 0 0 0 0 0 0 0 0
B4U62_12450 0 0 0 0 0 0 1 0 0 0 0 0
B4U62_09360 0 0 0 0 1 0 0 0 0 0 0 0
B4U62_11490 0 0 0 0 0 1 0 0 0 0 0 0
B4U62_12690 0 0 0 0 0 0 1 0 0 0 0 0
B4U62_04075 1 0 0 0 0 0 0 0 0 0 0 0
B4U62_15765 0 0 0 0 0 0 1 0 0 0 0 0
B4U62_06065 1 0 0 0 0 0 0 0 0 0 0 0
B4U62_18325 1 0 0 0 0 0 0 0 0 0 0 0
B4U62_14430 1 0 0 0 0 0 0 0 0 0 0 0
B4U62_04850 1 0 0 0 0 0 0 0 0 0 0 0
B4U62_22175 1 0 0 0 0 0 0 0 0 0 0 0
B4U62_14880 1 0 0 0 0 0 0 0 0 0 0 0
B4U62_10770 1 0 0 0 0 0 0 0 0 0 0 0
B4U62_17655 1 0 0 0 0 0 0 0 0 0 0 0
B4U62_12480 0 0 0 0 0 1 0 0 0 0 0 0
B4U62_20050 1 0 0 0 0 0 0 0 0 0 0 0
B4U62_18745 1 0 0 0 0 0 0 0 0 0 0 0
B4U62_19670 0 0 0 0 0 0 0 0 0 0 1 0
B4U62_17650 1 0 0 0 0 0 0 0 0 0 0 0
B4U62_07355 1 0 0 0 0 0 0 0 0 0 0 0
