locus_tag p_1 p_2 p_2V p_2S p_3 p_4 q_1 q_2 q_2V q_2S q_3 q_4
B4U62_21665 0 0 0 0 0 1 0 0 0 0 0 0
B4U62_04300 1 0 0 0 0 0 0 0 0 0 0 0
B4U62_15570 1 0 0 0 0 0 0 0 0 0 0 0
B4U62_07685 1 0 0 0 0 0 0 0 0 0 0 0
B4U62_20515 0 0 0 0 0 0 0 0 0 0 0 1
B4U62_17390 1 0 0 0 0 0 0 0 0 0 0 0
B4U62_19905 1 0 0 0 0 0 0 0 0 0 0 0
B4U62_08405 1 0 0 0 0 0 0 0 0 0 0 0
B4U62_09245 0 1 0 1 0 0 0 0 0 0 0 0
B4U62_01600 0 1 0 1 0 0 0 0 0 0 0 0
B4U62_09460 1 0 0 0 0 0 0 0 0 0 0 0
B4U62_20680 1 0 0 0 0 0 0 0 0 0 0 0
B4U62_12675 0 0 0 0 0 0 0 1 0 1 0 0
B4U62_07755 1 0 0 0 0 0 0 0 0 0 0 0
B4U62_15830 0 0 0 0 0 0 1 0 0 0 0 0
B4U62_04055 0 1 0 1 0 0 0 0 0 0 0 0
B4U62_07555 1 0 0 0 0 0 0 0 0 0 0 0
B4U62_06665 1 0 0 0 0 0 0 0 0 0 0 0
B4U62_07260 0 0 0 0 0 0 1 0 0 0 0 0
B4U62_19895 0 0 0 0 0 0 0 0 0 0 0 1
B4U62_05705 0 0 0 0 0 0 0 0 0 0 0 1
B4U62_12570 0 0 0 0 0 0 1 0 0 0 0 0
B4U62_04035 0 0 0 0 0 0 1 0 0 0 0 0
B4U62_03450 0 0 0 0 0 0 1 0 0 0 0 0
B4U62_02660 1 0 0 0 0 0 0 0 0 0 0 0
B4U62_00390 0 0 0 0 0 1 0 0 0 0 0 0
B4U62_03245 0 0 0 0 0 0 0 0 0 0 0 1
B4U62_05765 0 0 0 0 0 0 1 0 0 0 0 0
B4U62_09015 1 0 0 0 0 0 0 0 0 0 0 0
B4U62_02030 0 0 0 0 0 0 0 1 0 1 0 0
B4U62_02230 0 0 0 0 0 1 0 0 0 0 0 0
B4U62_22570 1 0 0 0 0 0 0 0 0 0 0 0
B4U62_02035 1 0 0 0 0 0 0 0 0 0 0 0
B4U62_21215 1 1 0 1 0 0 0 0 0 0 0 0
B4U62_14405 0 1 0 1 0 0 0 0 0 0 0 0
B4U62_18700 0 0 0 0 0 0 1 0 0 0 0 0
B4U62_07505 1 0 0 0 0 0 0 0 0 0 0 0
B4U62_18360 0 1 0 1 0 0 0 0 0 0 0 0
B4U62_21460 1 0 0 0 0 0 0 0 0 0 0 0
B4U62_03870 1 0 0 0 0 0 0 0 0 0 0 0
B4U62_07335 0 0 0 0 0 0 1 0 0 0 0 0
B4U62_17075 0 0 0 0 0 1 0 0 0 0 0 0
B4U62_05220 1 0 0 0 0 0 0 0 0 0 0 0
B4U62_14955 0 1 0 1 0 0 0 0 0 0 0 0
B4U62_15370 0 1 0 1 0 0 0 0 0 0 0 0
B4U62_05155 0 0 0 0 0 0 1 0 0 0 0 1
B4U62_08975 1 0 0 0 0 0 0 0 0 0 0 0
B4U62_07435 0 0 0 0 0 1 0 0 0 0 0 0
B4U62_02540 1 0 0 0 0 0 0 0 0 0 0 0
B4U62_11560 0 0 0 0 0 0 1 0 0 0 0 0
B4U62_08790 0 0 0 0 0 0 0 1 0 1 0 0
B4U62_21055 1 0 0 0 0 0 0 0 0 0 0 0
