locus_tag p_1 p_2 p_2V p_2S p_3 p_4 q_1 q_2 q_2V q_2S q_3 q_4
B4U62_17370 0 0 0 0 0 1 0 0 0 0 0 0
B4U62_12895 1 0 0 0 0 0 0 0 0 0 0 0
B4U62_20655 0 0 0 0 0 0 1 0 0 0 0 0
B4U62_02995 0 1 1 0 0 0 0 0 0 0 0 0
B4U62_14365 1 0 0 0 0 0 0 0 0 0 0 0
B4U62_01745 1 0 0 0 0 0 0 0 0 0 0 0
B4U62_21085 0 0 0 0 0 0 0 0 0 0 0 1
B4U62_06265 0 0 0 0 0 0 1 0 0 0 0 0
B4U62_08445 1 0 0 0 0 0 0 0 0 0 0 0
B4U62_22330 1 0 0 0 0 0 0 0 0 0 0 0
B4U62_08355 0 0 0 0 0 0 1 0 0 0 0 0
B4U62_18650 0 0 0 0 0 0 1 0 0 0 0 0
B4U62_19545 0 0 0 0 0 1 0 0 0 0 0 0
B4U62_09670 0 1 1 0 0 0 0 0 0 0 0 0
B4U62_04045 1 0 0 0 0 0 0 0 0 0 0 0
B4U62_00575 0 0 0 0 0 0 0 0 0 0 1 0
B4U62_09140 0 0 0 0 0 1 0 0 0 0 0 0
B4U62_13555 1 0 0 0 0 0 0 0 0 0 0 0
B4U62_10805 0 0 0 0 0 0 1 0 0 0 0 0
B4U62_00390 0 0 0 0 0 0 1 0 0 0 0 0
B4U62_01675 1 0 0 0 0 0 0 0 0 0 0 0
B4U62_10785 0 0 0 0 0 0 0 0 0 0 0 1
B4U62_03785 1 0 0 0 0 0 0 0 0 0 0 0
B4U62_12215 1 0 0 0 0 0 0 0 0 0 0 0
B4U62_20910 0 0 0 0 0 0 1 0 0 0 0 0
B4U62_22025 0 0 0 0 0 0 1 0 0 0 0 0
B4U62_07010 0 0 0 0 0 0 1 0 0 0 0 0
B4U62_19735 0 0 0 0 1 0 0 0 0 0 0 0
B4U62_20265 0 0 0 0 0 0 1 0 0 0 0 0
B4U62_07520 0 0 0 0 0 0 0 0 0 0 0 1
B4U62_09350 0 0 0 0 0 1 0 0 0 0 0 0
B4U62_04410 1 0 0 0 0 0 0 0 0 0 0 0
B4U62_01360 0 0 0 0 0 0 0 0 0 0 0 1
B4U62_17270 0 0 0 0 0 1 0 0 0 0 0 0
