locus_tag p_1 p_2 p_2V p_2S p_3 p_4 q_1 q_2 q_2V q_2S q_3 q_4
B4U62_09850 1 0 0 0 0 0 0 0 0 0 0 0
B4U62_13050 0 0 0 0 0 0 0 0 0 0 0 1
B4U62_07685 1 0 0 0 0 0 0 0 0 0 0 0
B4U62_03250 1 0 0 0 0 0 0 0 0 0 0 0
B4U62_16965 0 1 0 1 0 0 0 0 0 0 0 0
B4U62_06330 0 0 0 0 0 0 1 0 0 0 0 0
B4U62_19940 1 0 0 0 0 0 0 0 0 0 0 0
B4U62_03130 0 0 0 0 0 0 1 0 0 0 0 0
B4U62_19945 0 0 0 0 0 0 1 0 0 0 0 0
B4U62_07650 1 0 0 0 0 0 0 0 0 0 0 0
B4U62_22075 0 0 0 0 0 0 1 0 0 0 0 0
B4U62_21590 0 0 0 0 0 0 1 0 0 0 0 0
B4U62_09610 0 0 0 0 0 0 0 0 0 0 1 0
B4U62_13385 1 0 0 0 0 0 0 0 0 0 0 0
B4U62_01685 0 1 0 1 0 0 0 0 0 0 0 0
B4U62_03605 0 0 0 0 0 0 1 0 0 0 0 0
B4U62_20165 0 0 0 0 0 0 1 0 0 0 0 0
B4U62_05145 1 0 0 0 0 0 0 0 0 0 0 0
B4U62_11805 1 0 0 0 0 0 0 0 0 0 0 0
B4U62_07955 1 0 0 0 0 0 0 0 0 0 0 0
B4U62_16385 1 0 0 0 0 0 0 0 0 0 0 0
B4U62_02980 0 0 0 0 0 0 0 0 0 0 1 0
B4U62_04645 1 0 0 0 0 0 0 0 0 0 0 0
B4U62_12905 1 0 0 0 0 0 0 0 0 0 0 0
B4U62_02395 0 0 0 0 0 0 1 0 0 0 0 0
B4U62_18110 0 0 0 0 0 0 1 0 0 0 0 0
B4U62_16210 0 0 0 0 0 1 0 0 0 0 0 0
B4U62_10770 0 0 0 0 0 0 1 0 0 0 0 0
B4U62_16130 1 0 0 0 0 0 0 0 0 0 0 0
B4U62_03925 1 0 0 0 0 0 0 0 0 0 0 0
B4U62_20320 1 0 0 0 0 0 0 0 0 0 0 0
B4U62_15840 0 0 0 0 0 0 0 0 0 0 0 1
B4U62_09150 0 0 0 0 0 0 1 0 0 0 0 0
B4U62_15805 1 0 0 0 0 0 0 0 0 0 0 0
B4U62_07195 0 0 0 0 0 0 1 0 0 0 0 0
B4U62_17555 0 0 0 0 0 0 0 0 0 0 0 1
B4U62_00090 1 0 0 0 0 0 0 0 0 0 0 0
