locus_tag p_1 p_2 p_2V p_2S p_3 p_4 q_1 q_2 q_2V q_2S q_3 q_4
B4U62_14670 1 0 0 0 0 0 0 0 0 0 0 0
B4U62_15670 0 0 0 0 0 0 1 0 0 0 0 0
B4U62_04995 1 0 0 0 0 0 0 0 0 0 0 0
B4U62_19310 1 0 0 0 0 0 0 0 0 0 0 0
B4U62_00140 1 0 0 0 0 0 0 0 0 0 0 0
B4U62_09790 0 0 0 0 0 1 0 0 0 0 0 0
B4U62_17420 0 0 0 0 0 1 0 0 0 0 0 0
B4U62_02125 1 0 0 0 0 0 0 0 0 0 0 0
B4U62_09870 1 0 0 0 0 0 0 0 0 0 0 0
B4U62_11015 0 1 0 1 0 0 0 0 0 0 0 0
B4U62_09350 1 0 0 0 0 0 0 0 0 0 0 0
B4U62_20105 1 0 0 0 0 0 0 0 0 0 0 0
B4U62_02360 0 0 0 0 0 1 0 0 0 0 0 0
B4U62_17455 1 0 0 0 0 0 0 0 0 0 0 0
B4U62_08065 1 0 0 0 0 0 0 0 0 0 0 0
B4U62_07435 0 0 0 0 0 0 1 0 0 0 0 0
B4U62_17555 1 0 0 0 0 0 0 0 0 0 0 0
B4U62_22165 1 0 0 0 0 0 0 0 0 0 0 0
B4U62_03640 0 0 0 0 0 0 1 0 0 0 0 0
B4U62_03950 0 0 0 0 0 1 0 0 0 0 0 0
B4U62_07675 1 0 0 0 0 0 0 0 0 0 0 0
