locus_tag p_1 p_2 p_2V p_2S p_3 p_4 q_1 q_2 q_2V q_2S q_3 q_4
B4U62_09975 0 0 0 0 0 1 0 0 0 0 0 0
B4U62_04045 0 0 0 0 0 1 0 0 0 0 0 0
B4U62_00400 1 0 0 0 0 0 0 0 0 0 0 0
B4U62_00640 2 0 0 0 0 0 0 0 0 0 0 0
B4U62_05255 1 0 0 0 0 0 0 0 0 0 0 0
B4U62_01480 0 0 0 0 0 0 0 0 0 0 0 1
B4U62_17455 1 0 0 0 0 0 0 0 0 0 0 0
B4U62_02120 1 0 0 0 0 0 0 0 0 0 0 0
B4U62_05840 0 0 0 0 0 0 1 0 0 0 0 0
B4U62_06235 1 0 0 0 0 0 0 0 0 0 0 0
B4U62_16295 1 0 0 0 0 0 0 0 0 0 0 0
B4U62_06445 0 1 1 0 0 0 0 0 0 0 0 0
B4U62_22480 0 1 0 1 0 0 0 0 0 0 0 0
B4U62_07555 1 0 0 0 0 0 0 0 0 0 0 0
B4U62_00310 0 0 0 0 0 1 0 0 0 0 0 0
B4U62_13640 1 0 0 0 0 0 0 0 0 0 0 0
B4U62_21795 1 0 0 0 0 0 0 0 0 0 0 0
B4U62_17300 1 0 0 0 0 0 0 0 0 0 0 0
B4U62_09345 0 0 0 0 0 0 0 1 0 1 0 0
B4U62_00270 1 0 0 0 0 0 0 0 0 0 0 0
B4U62_13265 0 0 0 0 0 0 1 0 0 0 0 0
B4U62_10930 0 1 0 1 0 0 0 0 0 0 0 0
B4U62_21535 0 0 0 0 0 0 0 0 0 0 0 1
B4U62_10800 1 0 0 0 0 0 0 0 0 0 0 0
B4U62_20080 0 0 0 0 0 0 0 0 0 0 0 1
B4U62_09685 0 0 0 0 0 0 1 0 0 0 0 0
B4U62_08100 1 0 0 0 0 0 0 0 0 0 0 0
B4U62_07935 0 1 1 0 0 0 0 0 0 0 0 0
B4U62_12775 1 0 0 0 0 0 0 0 0 0 0 0
B4U62_10140 1 0 0 0 0 0 0 0 0 0 0 0
B4U62_17420 0 0 0 0 0 0 1 0 0 0 0 0
B4U62_10435 1 0 0 0 0 0 0 0 0 0 0 0
B4U62_19360 0 0 0 0 0 0 0 0 0 0 0 1
B4U62_10045 1 0 0 0 0 0 0 0 0 0 0 0
B4U62_07055 0 0 0 0 0 0 1 0 0 0 0 0
B4U62_16130 0 0 0 0 0 1 0 0 0 0 0 0
B4U62_05225 1 0 0 0 0 0 0 0 0 0 0 0
B4U62_19195 1 0 0 0 0 0 0 0 0 0 0 0
B4U62_19345 0 0 0 0 0 0 1 0 0 0 0 0
B4U62_06820 0 0 0 0 0 0 1 0 0 0 0 0
B4U62_13465 1 0 0 0 0 0 0 0 0 0 0 0
B4U62_07560 1 0 0 0 0 0 0 0 0 0 0 0
B4U62_06835 0 0 0 0 0 0 0 0 0 0 0 1
B4U62_01470 1 0 0 0 0 0 0 0 0 0 0 0
