locus_tag p_1 p_2 p_2V p_2S p_3 p_4 q_1 q_2 q_2V q_2S q_3 q_4
B4U62_13050 1 0 0 0 0 0 0 0 0 0 0 0
B4U62_03440 0 1 0 1 0 0 0 0 0 0 0 0
B4U62_17755 1 0 0 0 0 0 0 0 0 0 0 0
B4U62_17295 1 0 0 0 0 0 0 0 0 0 0 0
B4U62_18215 1 0 0 0 0 1 0 0 0 0 0 0
B4U62_13595 0 0 0 0 0 1 0 0 0 0 0 0
B4U62_13920 1 0 0 0 0 0 0 0 0 0 0 0
B4U62_20335 1 0 0 0 0 0 0 0 0 0 0 0
B4U62_01420 0 0 0 0 0 1 0 0 0 0 0 0
B4U62_07955 0 0 0 0 1 0 0 0 0 0 0 0
B4U62_14710 0 0 0 0 0 1 0 0 0 0 0 0
B4U62_20235 0 0 0 0 0 0 1 0 0 0 0 0
B4U62_05670 2 0 0 0 0 0 0 0 0 0 0 0
B4U62_04310 1 0 0 0 0 0 0 0 0 0 0 0
B4U62_18200 0 1 0 1 0 0 0 0 0 0 0 0
B4U62_01300 0 1 0 1 0 0 0 0 0 0 0 0
B4U62_16350 1 0 0 0 0 0 0 0 0 0 0 0
B4U62_06435 0 1 1 0 0 0 0 0 0 0 0 0
B4U62_07725 0 0 0 0 0 0 0 1 0 1 0 0
B4U62_14725 1 0 0 0 0 0 0 0 0 0 0 0
B4U62_06285 0 0 0 0 0 1 0 0 0 0 0 0
B4U62_00260 1 0 0 0 0 0 0 0 0 0 0 0
B4U62_13330 1 0 0 0 0 0 0 0 0 0 0 0
B4U62_02245 1 0 0 0 0 0 0 0 0 0 0 0
B4U62_18455 1 0 0 0 0 0 0 0 0 0 0 0
B4U62_12950 1 0 0 0 0 0 0 0 0 0 0 0
B4U62_02965 1 0 0 0 0 0 0 0 0 0 0 0
B4U62_11650 1 0 0 0 0 0 0 0 0 0 0 0
B4U62_15915 0 0 0 0 0 1 0 0 0 0 0 0
B4U62_13430 1 0 0 0 0 0 0 0 0 0 0 0
B4U62_11805 1 0 0 0 0 0 0 0 0 0 0 0
B4U62_10250 1 0 0 0 0 0 0 0 0 0 0 0
B4U62_17345 1 0 0 0 0 0 0 0 0 0 0 0
B4U62_05075 0 0 0 0 0 0 1 0 0 0 0 0
B4U62_05990 1 0 0 0 0 0 0 0 0 0 0 0
B4U62_18465 0 1 0 1 0 0 0 0 0 0 0 0
B4U62_06180 0 0 0 0 0 1 0 0 0 0 0 0
B4U62_17815 1 0 0 0 0 0 0 0 0 0 0 0
B4U62_03895 1 0 0 0 0 0 0 0 0 0 0 0
B4U62_12705 0 0 0 0 0 1 0 0 0 0 0 0
B4U62_07740 1 0 0 0 0 0 0 0 0 0 0 0
B4U62_00300 0 0 0 0 1 0 0 0 0 0 0 0
B4U62_04785 1 0 0 0 0 0 0 0 0 0 0 0
B4U62_08835 1 0 0 0 0 0 0 0 0 0 0 0
B4U62_03015 1 0 0 0 0 0 0 0 0 0 0 0
B4U62_07685 1 0 0 0 0 0 0 0 0 0 0 0
B4U62_19905 0 1 0 1 0 0 0 0 0 0 0 0
B4U62_05000 1 0 0 0 0 0 0 0 0 0 0 0
B4U62_09165 1 0 0 0 0 0 0 0 0 0 0 0
B4U62_12635 0 1 0 1 0 0 0 0 0 0 0 0
B4U62_11040 0 0 0 0 0 1 0 0 0 0 0 0
B4U62_00275 1 0 0 0 0 0 0 0 0 0 0 0
B4U62_09845 0 0 0 0 0 0 1 0 0 0 0 0
B4U62_17380 1 0 0 0 0 0 0 0 0 0 0 0
B4U62_15165 1 0 0 0 0 0 0 0 0 0 0 0
B4U62_16950 0 0 0 0 0 1 0 0 0 0 0 0
B4U62_19130 0 0 0 0 0 0 0 0 0 0 0 1
B4U62_10105 1 0 0 0 0 0 0 0 0 0 0 0
B4U62_07760 0 0 0 0 1 0 0 0 0 0 0 0
B4U62_09275 1 0 0 0 0 0 0 0 0 0 0 0
B4U62_19345 0 1 0 1 0 0 0 0 0 0 0 0
B4U62_04600 1 0 0 0 0 0 0 0 0 0 0 0
B4U62_00565 0 0 0 0 0 1 0 0 0 0 0 0
B4U62_14600 0 0 0 0 0 1 0 0 0 0 0 0
B4U62_14040 1 1 0 1 1 0 0 0 0 0 0 0
B4U62_21280 0 0 0 0 0 1 0 0 0 0 0 0
B4U62_10910 1 0 0 0 0 0 0 0 0 0 0 0
B4U62_05190 1 0 0 0 0 0 0 0 0 0 0 0
B4U62_14665 1 0 0 0 0 0 0 0 0 0 0 0
B4U62_15150 1 0 0 0 0 0 0 0 0 0 0 0
B4U62_21540 1 0 0 0 0 0 0 0 0 0 0 0
B4U62_14265 0 0 0 0 0 1 0 0 0 0 0 0
B4U62_16775 0 0 0 0 0 1 0 0 0 0 0 0
B4U62_01280 1 0 0 0 0 0 0 0 0 0 0 0
B4U62_05355 0 0 0 0 1 0 0 0 0 0 0 0
B4U62_11450 1 0 0 0 0 0 0 0 0 0 0 0
B4U62_19370 1 0 0 0 0 0 0 0 0 0 0 0
B4U62_20160 0 1 0 1 0 0 0 0 0 0 0 0
B4U62_10455 0 0 0 0 0 1 0 0 0 0 0 0
B4U62_20480 0 0 0 0 0 1 0 0 0 0 0 0
B4U62_04350 0 1 0 1 0 0 0 0 0 0 0 0
B4U62_10585 1 0 0 0 0 0 0 0 0 0 0 0
B4U62_02720 0 0 0 0 0 0 1 0 0 0 0 0
B4U62_17785 1 0 0 0 0 0 0 0 0 0 0 0
B4U62_14655 0 1 1 0 0 0 0 0 0 0 0 0
B4U62_05725 1 0 0 0 0 0 0 0 0 0 0 0
B4U62_15990 1 0 0 0 0 0 0 0 0 0 0 0
B4U62_07395 1 0 0 0 0 0 0 0 0 0 0 0
B4U62_16585 1 0 0 0 0 0 0 0 0 0 0 0
B4U62_10040 1 0 0 0 0 0 0 0 0 0 0 0
B4U62_12000 0 0 0 0 0 0 0 1 0 1 0 0
B4U62_09050 0 1 1 0 0 0 0 0 0 0 0 0
B4U62_04740 1 0 0 0 0 0 0 0 0 0 0 0
B4U62_01530 1 0 0 0 0 0 0 0 0 0 0 0
B4U62_07355 1 0 0 0 0 0 0 0 0 0 0 0
B4U62_21780 1 0 0 0 0 0 0 0 0 0 0 0
B4U62_07310 0 0 0 0 0 1 0 0 0 0 0 0
B4U62_21265 0 0 0 0 0 1 0 0 0 0 0 0
B4U62_18325 0 0 0 0 1 0 0 0 0 0 0 0
