locus_tag p_1 p_2 p_2V p_2S p_3 p_4 q_1 q_2 q_2V q_2S q_3 q_4
B4U62_07130 1 0 0 0 0 0 0 0 0 0 0 0
B4U62_05915 0 0 0 0 0 0 0 1 0 1 0 0
B4U62_08340 0 0 0 0 0 1 0 0 0 0 0 0
B4U62_16305 0 0 0 0 0 0 0 0 0 0 0 1
B4U62_09960 1 0 0 0 0 0 0 0 0 0 0 0
B4U62_04045 1 0 0 0 0 0 0 0 0 0 0 0
B4U62_04610 0 0 0 0 0 1 0 0 0 0 0 0
B4U62_20080 1 0 0 0 0 0 0 0 0 0 0 0
B4U62_12020 1 0 0 0 0 0 0 0 0 0 0 0
B4U62_10690 0 1 0 1 0 0 0 0 0 0 0 0
B4U62_00035 0 0 0 0 0 0 1 0 0 0 0 0
B4U62_12420 1 0 0 0 0 0 0 0 0 0 0 0
B4U62_03330 0 0 0 0 0 0 1 0 0 0 0 0
B4U62_13770 0 0 0 0 0 0 1 0 0 0 0 0
B4U62_21345 1 0 0 0 0 0 0 0 0 0 0 0
B4U62_13615 1 0 0 0 0 0 0 0 0 0 0 0
B4U62_11330 0 0 0 0 0 0 0 1 0 1 0 0
B4U62_06440 1 0 0 0 0 0 0 0 0 0 0 0
B4U62_01835 0 0 0 0 0 0 1 0 0 0 0 0
