

Software Version	2.01.14



Experiment File Path:	C:\Users\Public\Documents\Experiments\MURI\umax\Task2_34hr_24well_discon_170610_132834.xpt
Protocol File Path:	C:\Users\Public\Documents\Protocols\Task2_34hr_24well_discon.prt



Plate Number	Plate 1
Date	6/10/2017
Time	1:28:49 PM
Reader Type:	Synergy Mx
Reader Serial Number:	219512
Reading Type	Reader

Procedure Details

Plate Type	Costar 24 well
Discontinuous Kinetics	Runtime 1:10:15 (D:HH:MM), Interval 0:00:15, 138 Reads
Set Temperature	Setpoint 25°C
	Preheat before moving to next step
Read	Absorbance Endpoint
	Full Plate
	Wavelengths:  600
	Read Speed: Normal,  Delay: 100 msec,  Measurements/Data Point: 8
Shake	Medium, 15:00 (MM:SS)

Layout
	1	2	3	4	5	6
A	SPL1	SPL9	SPL17	SPL25	SPL33	SPL41	Well ID
B	SPL2	SPL10	SPL18	SPL26	SPL34	SPL42	Well ID
C	SPL3	SPL11	SPL19	SPL27	SPL35	SPL43	Well ID
D	SPL4	SPL12	SPL20	SPL28	SPL36	SPL44	Well ID

600

Time	T° 600	A1	A2	A3	A4	A5	A6	B1	B2	B3	B4	B5	B6	C1	C2	C3	C4	C5	C6	D1	D2	D3	D4	D5	D6
0:00:00	25.1	0.035	0.053	0.047	0.047	0.045	0.042	0.043	0.043	0.042	0.042	0.042	0.040	0.041	0.044	0.047	0.040	0.044	0.038	0.043	0.039	0.045	0.035	0.046	0.036
0:15:25	25.1	0.035	0.048	0.045	0.046	0.048	0.044	0.044	0.044	0.043	0.043	0.043	0.042	0.042	0.041	0.047	0.041	0.045	0.037	0.044	0.039	0.046	0.036	0.047	0.036
0:30:49	25.2	0.035	0.048	0.045	0.046	0.048	0.045	0.045	0.045	0.043	0.052	0.044	0.042	0.042	0.042	0.047	0.040	0.046	0.037	0.045	0.039	0.046	0.036	0.048	0.036
0:46:14	25.2	0.035	0.048	0.045	0.047	0.048	0.045	0.045	0.045	0.044	0.044	0.044	0.042	0.043	0.042	0.047	0.040	0.046	0.038	0.045	0.039	0.047	0.036	0.048	0.036
1:01:38	25.2	0.035	0.048	0.046	0.047	0.049	0.046	0.045	0.046	0.044	0.043	0.044	0.042	0.043	0.042	0.048	0.041	0.047	0.038	0.046	0.039	0.047	0.036	0.048	0.036
1:17:03	25.2	0.035	0.049	0.047	0.048	0.050	0.046	0.046	0.046	0.045	0.043	0.045	0.042	0.043	0.042	0.048	0.040	0.047	0.038	0.046	0.039	0.047	0.036	0.049	0.036
1:32:27	25.2	0.035	0.049	0.048	0.048	0.051	0.047	0.047	0.047	0.045	0.043	0.046	0.043	0.044	0.042	0.049	0.041	0.047	0.038	0.046	0.039	0.048	0.036	0.049	0.037
1:47:52	25.2	0.035	0.049	0.050	0.049	0.052	0.047	0.047	0.048	0.046	0.044	0.046	0.043	0.044	0.043	0.050	0.041	0.048	0.038	0.047	0.039	0.048	0.036	0.049	0.036
2:03:17	25.2	0.035	0.051	0.050	0.050	0.053	0.049	0.048	0.048	0.046	0.043	0.046	0.043	0.045	0.043	0.050	0.041	0.049	0.038	0.052	0.039	0.049	0.036	0.050	0.036
2:18:41	25.2	0.035	0.051	0.052	0.051	0.056	0.049	0.049	0.050	0.048	0.045	0.047	0.043	0.045	0.043	0.052	0.041	0.050	0.038	0.048	0.039	0.049	0.036	0.051	0.036
2:34:06	25.2	0.035	0.052	0.054	0.052	0.057	0.051	0.051	0.051	0.048	0.044	0.048	0.044	0.046	0.045	0.052	0.041	0.051	0.038	0.049	0.039	0.050	0.036	0.052	0.036
2:49:30	25.2	0.035	0.054	0.056	0.054	0.061	0.053	0.053	0.052	0.052	0.045	0.049	0.044	0.047	0.045	0.054	0.041	0.057	0.038	0.050	0.039	0.051	0.036	0.053	0.037
3:04:55	25.2	0.035	0.055	0.060	0.057	0.063	0.054	0.056	0.054	0.049	0.046	0.050	0.045	0.047	0.044	0.055	0.041	0.055	0.039	0.052	0.039	0.053	0.036	0.055	0.037
3:20:19	25.2	0.035	0.057	0.063	0.058	0.067	0.058	0.058	0.056	0.051	0.046	0.052	0.046	0.047	0.048	0.058	0.042	0.058	0.038	0.054	0.039	0.055	0.036	0.056	0.037
3:35:44	25.2	0.035	0.058	0.069	0.061	0.072	0.060	0.061	0.059	0.053	0.047	0.053	0.047	0.048	0.052	0.060	0.041	0.060	0.039	0.056	0.039	0.056	0.036	0.058	0.037
3:51:08	25.2	0.036	0.059	0.073	0.064	0.079	0.064	0.065	0.061	0.055	0.048	0.069	0.048	0.112	0.056	0.065	0.043	0.063	0.039	0.060	0.039	0.058	0.036	0.061	0.037
4:06:33	25.2	0.035	0.063	0.079	0.069	0.085	0.068	0.072	0.064	0.086	0.049	0.060	0.049	0.053	0.068	0.066	0.044	0.070	0.040	0.061	0.039	0.063	0.036	0.067	0.037
4:21:58	25.2	0.036	0.061	0.086	0.074	0.093	0.075	0.079	0.068	0.088	0.051	0.062	0.050	0.054	0.077	0.070	0.042	0.072	0.039	0.064	0.040	0.064	0.036	0.065	0.037
4:37:22	25.2	0.036	0.066	0.091	0.078	0.100	0.079	0.087	0.074	0.097	0.053	0.076	0.051	0.063	0.059	0.121	0.042	0.077	0.040	0.068	0.040	0.071	0.036	0.065	0.037
4:52:47	25.2	0.036	0.069	0.101	0.088	0.110	0.088	0.094	0.077	0.082	0.055	0.086	0.053	0.064	0.055	0.083	0.042	0.091	0.040	0.077	0.040	0.070	0.036	0.074	0.037
5:08:12	25.2	0.036	0.075	0.112	0.095	0.123	0.097	0.102	0.092	0.092	0.057	0.092	0.056	0.072	0.053	0.088	0.042	0.094	0.040	0.083	0.040	0.081	0.037	0.081	0.037
5:23:36	25.2	0.036	0.081	0.122	0.107	0.134	0.105	0.110	0.096	0.101	0.062	0.113	0.060	0.082	0.056	0.095	0.044	0.100	0.041	0.089	0.040	0.085	0.036	0.087	0.037
5:39:01	25.2	0.036	0.087	0.134	0.115	0.147	0.115	0.123	0.102	0.108	0.063	0.117	0.062	0.087	0.058	0.102	0.044	0.113	0.041	0.096	0.040	0.095	0.037	0.092	0.037
5:54:25	25.2	0.036	0.096	0.144	0.130	0.159	0.128	0.137	0.114	0.121	0.096	0.130	0.067	0.098	0.061	0.112	0.043	0.123	0.042	0.106	0.040	0.098	0.037	0.100	0.037
6:09:50	25.2	0.036	0.105	0.156	0.144	0.171	0.141	0.147	0.128	0.130	0.075	0.140	0.070	0.107	0.066	0.122	0.044	0.140	0.042	0.114	0.041	0.106	0.037	0.106	0.037
6:25:14	25.2	0.036	0.116	0.166	0.163	0.179	0.158	0.161	0.141	0.138	0.080	0.151	0.077	0.117	0.070	0.131	0.044	0.143	0.144	0.126	0.042	0.116	0.036	0.116	0.037
6:40:39	25.2	0.036	0.128	0.175	0.180	0.186	0.176	0.172	0.155	0.148	0.087	0.162	0.084	0.126	0.075	0.138	0.044	0.152	0.048	0.132	0.052	0.128	0.037	0.128	0.037
6:56:04	25.2	0.036	0.142	0.183	0.195	0.193	0.190	0.181	0.172	0.156	0.095	0.173	0.090	0.133	0.079	0.145	0.044	0.161	0.071	0.148	0.042	0.142	0.036	0.141	0.037
7:11:28	25.2	0.036	0.157	0.189	0.208	0.201	0.202	0.191	0.185	0.165	0.105	0.182	0.097	0.139	0.085	0.154	0.049	0.170	0.054	0.155	0.050	0.157	0.037	0.155	0.037
7:26:53	25.2	0.036	0.171	0.195	0.223	0.205	0.218	0.194	0.197	0.172	0.112	0.189	0.107	0.148	0.094	0.162	0.064	0.180	0.054	0.165	0.046	0.174	0.037	0.169	0.037
7:42:17	25.1	0.036	0.187	0.202	0.234	0.213	0.224	0.206	0.209	0.179	0.123	0.197	0.112	0.154	0.101	0.170	0.051	0.193	0.048	0.168	0.044	0.190	0.037	0.183	0.037
7:57:42	25.1	0.036	0.206	0.210	0.249	0.223	0.234	0.212	0.221	0.186	0.135	0.204	0.122	0.158	0.108	0.182	0.065	0.209	0.054	0.176	0.045	0.205	0.037	0.197	0.037
8:13:07	25.1	0.036	0.212	0.219	0.264	0.233	0.253	0.218	0.228	0.193	0.148	0.211	0.132	0.164	0.118	0.191	0.060	0.210	0.060	0.188	0.051	0.222	0.037	0.216	0.037
8:28:31	25.1	0.036	0.225	0.227	0.277	0.242	0.266	0.221	0.249	0.202	0.164	0.218	0.142	0.169	0.129	0.204	0.067	0.229	0.072	0.194	0.074	0.236	0.037	0.234	0.037
8:43:56	25.1	0.036	0.238	0.236	0.287	0.250	0.282	0.230	0.261	0.215	0.181	0.227	0.155	0.176	0.141	0.217	0.072	0.240	0.076	0.215	0.056	0.253	0.037	0.252	0.037
8:59:20	25.1	0.037	0.263	0.245	0.300	0.261	0.295	0.243	0.282	0.229	0.196	0.234	0.170	0.184	0.154	0.227	0.081	0.245	0.080	0.221	0.074	0.274	0.037	0.272	0.038
9:14:45	25.1	0.036	0.286	0.255	0.330	0.275	0.323	0.245	0.302	0.243	0.214	0.248	0.184	0.191	0.172	0.244	0.094	0.260	0.093	0.231	0.068	0.301	0.037	0.293	0.037
9:30:10	25.1	0.037	0.306	0.266	0.345	0.290	0.337	0.259	0.315	0.256	0.236	0.273	0.200	0.198	0.188	0.258	0.104	0.274	0.105	0.249	0.070	0.325	0.037	0.317	0.037
9:45:34	25.1	0.037	0.328	0.276	0.362	0.302	0.359	0.267	0.344	0.278	0.258	0.292	0.218	0.208	0.205	0.275	0.097	0.291	0.119	0.268	0.083	0.348	0.037	0.341	0.037
10:00:59	25.1	0.036	0.348	0.291	0.384	0.317	0.384	0.277	0.374	0.296	0.277	0.311	0.234	0.218	0.224	0.293	0.113	0.310	0.122	0.286	0.090	0.374	0.037	0.360	0.037
10:16:24	25.1	0.036	0.367	0.303	0.402	0.329	0.405	0.289	0.405	0.317	0.299	0.334	0.252	0.236	0.245	0.315	0.129	0.329	0.131	0.301	0.095	0.397	0.037	0.381	0.037
10:31:49	25.1	0.037	0.390	0.323	0.419	0.348	0.424	0.298	0.432	0.344	0.319	0.356	0.272	0.255	0.263	0.336	0.132	0.350	0.146	0.320	0.113	0.424	0.037	0.404	0.037
10:47:13	25.1	0.037	0.408	0.346	0.436	0.364	0.441	0.305	0.451	0.371	0.340	0.382	0.294	0.271	0.282	0.357	0.132	0.377	0.142	0.343	0.115	0.449	0.037	0.425	0.037
11:02:38	25.1	0.037	0.432	0.365	0.455	0.376	0.464	0.320	0.465	0.395	0.364	0.397	0.313	0.290	0.303	0.384	0.152	0.398	0.151	0.359	0.132	0.465	0.037	0.443	0.037
11:18:02	25.1	0.037	0.446	0.385	0.473	0.395	0.484	0.334	0.487	0.415	0.389	0.415	0.333	0.314	0.320	0.407	0.178	0.428	0.156	0.391	0.140	0.488	0.037	0.471	0.037
11:33:27	25.1	0.037	0.463	0.402	0.489	0.408	0.501	0.359	0.501	0.434	0.411	0.434	0.355	0.338	0.341	0.431	0.163	0.446	0.160	0.413	0.150	0.504	0.037	0.478	0.037
11:48:52	25.1	0.037	0.479	0.413	0.505	0.421	0.517	0.376	0.517	0.453	0.433	0.453	0.376	0.355	0.365	0.450	0.183	0.457	0.158	0.446	0.148	0.522	0.037	0.487	0.037
12:04:16	25.1	0.037	0.497	0.423	0.519	0.432	0.536	0.403	0.525	0.471	0.458	0.466	0.398	0.374	0.387	0.459	0.189	0.474	0.163	0.457	0.172	0.533	0.037	0.504	0.037
12:19:41	25.1	0.037	0.498	0.437	0.534	0.447	0.551	0.420	0.544	0.479	0.475	0.485	0.418	0.394	0.408	0.473	0.177	0.489	0.166	0.479	0.175	0.548	0.037	0.514	0.037
12:35:05	25.1	0.037	0.502	0.454	0.551	0.466	0.574	0.433	0.563	0.494	0.488	0.497	0.435	0.415	0.430	0.488	0.198	0.509	0.174	0.499	0.166	0.554	0.037	0.525	0.037
12:50:30	25.1	0.037	0.517	0.471	0.565	0.485	0.591	0.439	0.573	0.509	0.498	0.517	0.445	0.431	0.454	0.499	0.192	0.528	0.188	0.507	0.172	0.578	0.037	0.543	0.037
13:05:55	25.1	0.037	0.534	0.492	0.581	0.507	0.607	0.462	0.580	0.530	0.508	0.537	0.458	0.442	0.464	0.533	0.179	0.547	0.181	0.525	0.161	0.601	0.037	0.568	0.037
13:21:19	25.1	0.037	0.548	0.513	0.590	0.525	0.619	0.475	0.597	0.545	0.521	0.556	0.469	0.462	0.476	0.551	0.222	0.568	0.187	0.546	0.183	0.622	0.037	0.585	0.037
13:36:44	25.1	0.037	0.563	0.530	0.604	0.539	0.631	0.497	0.609	0.567	0.533	0.576	0.476	0.477	0.491	0.573	0.247	0.586	0.193	0.564	0.187	0.637	0.037	0.606	0.037
13:52:08	25.1	0.037	0.578	0.544	0.613	0.555	0.637	0.511	0.619	0.585	0.536	0.590	0.486	0.503	0.497	0.594	0.229	0.610	0.219	0.588	0.206	0.653	0.036	0.624	0.037
14:07:33	25.1	0.037	0.591	0.556	0.623	0.571	0.651	0.534	0.639	0.597	0.542	0.606	0.493	0.524	0.508	0.617	0.268	0.630	0.195	0.607	0.202	0.665	0.037	0.639	0.037
14:22:58	25.1	0.037	0.596	0.572	0.632	0.585	0.663	0.547	0.638	0.609	0.550	0.617	0.500	0.550	0.516	0.637	0.303	0.646	0.232	0.640	0.217	0.670	0.037	0.652	0.037
14:38:22	25.1	0.036	0.609	0.587	0.641	0.596	0.667	0.564	0.656	0.614	0.555	0.627	0.501	0.577	0.523	0.654	0.328	0.652	0.242	0.658	0.219	0.684	0.036	0.663	0.037
14:53:47	25.1	0.037	0.620	0.600	0.640	0.607	0.669	0.578	0.661	0.623	0.579	0.628	0.513	0.590	0.529	0.660	0.300	0.660	0.216	0.675	0.207	0.696	0.037	0.679	0.037
15:09:12	25.1	0.037	0.627	0.611	0.641	0.618	0.672	0.597	0.665	0.632	0.572	0.634	0.515	0.610	0.532	0.670	0.287	0.653	0.245	0.694	0.247	0.704	0.036	0.696	0.037
15:24:36	25.1	0.037	0.639	0.625	0.644	0.630	0.669	0.613	0.667	0.633	0.576	0.642	0.519	0.620	0.536	0.651	0.325	0.659	0.308	0.690	0.243	0.713	0.037	0.701	0.037
15:40:01	25.1	0.037	0.642	0.633	0.646	0.637	0.678	0.618	0.669	0.635	0.580	0.643	0.535	0.631	0.542	0.653	0.349	0.659	0.271	0.688	0.281	0.709	0.036	0.704	0.037
15:55:25	25.1	0.037	0.643	0.634	0.651	0.635	0.681	0.627	0.674	0.640	0.597	0.645	0.528	0.643	0.549	0.657	0.289	0.661	0.303	0.689	0.278	0.713	0.036	0.710	0.037
16:10:50	25.1	0.037	0.643	0.634	0.656	0.637	0.686	0.640	0.674	0.644	0.594	0.650	0.538	0.638	0.553	0.671	0.332	0.673	0.296	0.698	0.275	0.713	0.036	0.709	0.037
16:26:15	25.1	0.036	0.642	0.634	0.658	0.637	0.688	0.641	0.672	0.649	0.590	0.653	0.537	0.643	0.560	0.671	0.323	0.674	0.324	0.701	0.286	0.714	0.036	0.714	0.037
16:41:39	25.1	0.036	0.644	0.636	0.666	0.639	0.690	0.640	0.673	0.655	0.592	0.659	0.540	0.651	0.561	0.678	0.361	0.681	0.319	0.707	0.272	0.718	0.037	0.720	0.037
16:57:04	25.1	0.036	0.648	0.641	0.666	0.642	0.695	0.636	0.684	0.659	0.612	0.663	0.545	0.652	0.569	0.680	0.367	0.686	0.319	0.712	0.329	0.717	0.037	0.722	0.037
17:12:28	25.1	0.037	0.651	0.641	0.667	0.646	0.699	0.637	0.686	0.664	0.596	0.668	0.551	0.658	0.565	0.688	0.361	0.695	0.306	0.727	0.358	0.719	0.036	0.721	0.037
17:27:53	25.1	0.037	0.654	0.649	0.670	0.650	0.698	0.635	0.686	0.671	0.599	0.673	0.555	0.661	0.571	0.693	0.461	0.695	0.292	0.735	0.326	0.720	0.037	0.725	0.037
17:43:18	25.1	0.036	0.658	0.652	0.672	0.653	0.703	0.636	0.689	0.678	0.600	0.673	0.553	0.670	0.580	0.703	0.441	0.707	0.278	0.739	0.382	0.724	0.036	0.726	0.037
17:58:42	25.1	0.037	0.663	0.656	0.672	0.655	0.708	0.641	0.690	0.682	0.602	0.678	0.556	0.670	0.578	0.701	0.343	0.704	0.345	0.756	0.361	0.726	0.036	0.728	0.037
18:14:07	25.1	0.037	0.663	0.661	0.680	0.661	0.713	0.638	0.693	0.685	0.600	0.678	0.557	0.675	0.582	0.700	0.428	0.705	0.340	0.756	0.389	0.728	0.036	0.732	0.037
18:29:32	25.1	0.036	0.665	0.663	0.681	0.664	0.713	0.638	0.695	0.689	0.598	0.679	0.556	0.680	0.582	0.706	0.372	0.711	0.357	0.759	0.400	0.733	0.036	0.732	0.036
18:44:56	25.1	0.037	0.669	0.665	0.685	0.665	0.717	0.636	0.699	0.693	0.600	0.682	0.556	0.685	0.582	0.710	0.448	0.717	0.335	0.760	0.399	0.733	0.036	0.734	0.037
19:00:21	25.2	0.036	0.670	0.670	0.687	0.670	0.720	0.638	0.708	0.698	0.599	0.682	0.561	0.685	0.584	0.711	0.454	0.712	0.362	0.759	0.483	0.743	0.036	0.731	0.036
19:15:45	25.1	0.037	0.673	0.673	0.691	0.672	0.724	0.640	0.709	0.701	0.602	0.684	0.558	0.688	0.579	0.712	0.437	0.716	0.365	0.789	0.406	0.742	0.036	0.737	0.037
19:31:10	25.2	0.037	0.671	0.675	0.696	0.675	0.727	0.643	0.711	0.703	0.597	0.680	0.563	0.692	0.580	0.713	0.409	0.721	0.387	0.753	0.469	0.750	0.036	0.729	0.036
19:46:35	25.2	0.037	0.677	0.677	0.697	0.677	0.733	0.645	0.717	0.707	0.596	0.683	0.555	0.697	0.578	0.714	0.486	0.722	0.413	0.747	0.404	0.758	0.036	0.731	0.036
20:02:00	25.2	0.037	0.678	0.677	0.700	0.682	0.736	0.652	0.715	0.706	0.600	0.682	0.558	0.699	0.578	0.717	0.433	0.718	0.391	0.744	0.424	0.768	0.036	0.731	0.036
20:17:24	25.2	0.036	0.683	0.685	0.705	0.685	0.737	0.655	0.719	0.710	0.600	0.681	0.558	0.702	0.578	0.716	0.431	0.721	0.429	0.742	0.417	0.772	0.036	0.734	0.036
20:32:49	25.2	0.036	0.684	0.687	0.706	0.685	0.732	0.654	0.729	0.712	0.606	0.690	0.567	0.706	0.580	0.722	0.436	0.723	0.406	0.736	0.419	0.772	0.036	0.726	0.036
20:48:13	25.2	0.036	0.685	0.686	0.709	0.687	0.743	0.655	0.731	0.717	0.601	0.689	0.567	0.708	0.587	0.721	0.428	0.724	0.472	0.734	0.530	0.778	0.036	0.732	0.036
21:03:38	25.2	0.037	0.688	0.689	0.714	0.691	0.743	0.659	0.733	0.720	0.600	0.693	0.567	0.709	0.583	0.724	0.446	0.727	0.398	0.736	0.412	0.785	0.036	0.736	0.036
21:19:03	25.2	0.036	0.688	0.693	0.714	0.693	0.746	0.661	0.735	0.725	0.607	0.693	0.572	0.710	0.586	0.720	0.352	0.724	0.400	0.737	0.405	0.787	0.036	0.726	0.036
21:34:27	25.2	0.036	0.689	0.693	0.716	0.695	0.750	0.656	0.741	0.725	0.602	0.696	0.572	0.709	0.584	0.722	0.399	0.729	0.393	0.807	0.406	0.786	0.037	0.728	0.036
21:49:52	25.2	0.037	0.693	0.695	0.720	0.698	0.754	0.654	0.746	0.729	0.613	0.698	0.580	0.710	0.587	0.719	0.464	0.727	0.412	0.732	0.457	0.795	0.037	0.725	0.036
22:05:17	25.3	0.037	0.695	0.699	0.723	0.698	0.755	0.655	0.748	0.732	0.612	0.699	0.577	0.711	0.588	0.721	0.430	0.728	0.441	0.740	0.406	0.804	0.037	0.721	0.036
22:20:41	25.3	0.036	0.699	0.699	0.725	0.704	0.762	0.650	0.753	0.738	0.612	0.704	0.575	0.710	0.591	0.724	0.453	0.728	0.479	0.736	0.410	0.800	0.037	0.729	0.036
22:36:06	25.3	0.036	0.700	0.704	0.729	0.703	0.753	0.648	0.758	0.738	0.611	0.700	0.581	0.710	0.596	0.736	0.471	0.727	0.420	0.750	0.407	0.805	0.037	0.721	0.036
22:51:30	25.3	0.036	0.699	0.704	0.730	0.708	0.760	0.648	0.757	0.737	0.614	0.699	0.579	0.709	0.592	0.722	0.362	0.735	0.364	0.740	0.398	0.808	0.037	0.729	0.036
23:06:55	25.3	0.036	0.702	0.703	0.734	0.710	0.764	0.638	0.764	0.740	0.609	0.707	0.583	0.710	0.592	0.726	0.514	0.733	0.444	0.748	0.403	0.816	0.037	0.727	0.036
23:22:20	25.3	0.036	0.704	0.707	0.736	0.711	0.774	0.651	0.764	0.745	0.610	0.703	0.595	0.708	0.594	0.722	0.486	0.729	0.450	0.742	0.409	0.821	0.037	0.726	0.036
23:37:44	25.3	0.036	0.707	0.708	0.739	0.714	0.770	0.639	0.767	0.744	0.635	0.707	0.589	0.709	0.593	0.728	0.431	0.727	0.461	0.743	0.401	0.822	0.037	0.729	0.036
23:53:09	25.3	0.036	0.706	0.710	0.741	0.718	0.777	0.637	0.769	0.741	0.624	0.704	0.592	0.710	0.596	0.740	0.459	0.730	0.308	0.738	0.477	0.825	0.037	0.729	0.035
24:08:34	25.3	0.036	0.709	0.711	0.742	0.721	0.779	0.640	0.772	0.737	0.613	0.707	0.590	0.703	0.599	0.730	0.472	0.743	0.342	0.736	0.404	0.823	0.037	0.731	0.035
24:23:58	25.3	0.036	0.713	0.716	0.745	0.724	0.785	0.636	0.777	0.734	0.618	0.711	0.593	0.710	0.597	0.730	0.334	0.730	0.404	0.738	0.429	0.822	0.037	0.727	0.035
24:39:23	25.3	0.037	0.714	0.715	0.749	0.729	0.791	0.625	0.779	0.731	0.616	0.709	0.601	0.715	0.599	0.739	0.351	0.731	0.382	0.742	0.400	0.822	0.037	0.733	0.036
24:54:47	25.3	0.036	0.711	0.714	0.752	0.731	0.796	0.634	0.779	0.723	0.618	0.714	0.597	0.707	0.601	0.731	0.507	0.730	0.394	0.731	0.481	0.821	0.037	0.726	0.035
25:10:12	25.3	0.036	0.717	0.719	0.753	0.731	0.799	0.626	0.782	0.720	0.616	0.721	0.598	0.702	0.603	0.730	0.314	0.728	0.347	0.730	0.382	0.821	0.037	0.723	0.035
25:25:37	25.2	0.036	0.716	0.718	0.754	0.734	0.800	0.624	0.783	0.714	0.619	0.726	0.610	0.702	0.599	0.726	0.437	0.727	0.301	0.725	0.452	0.814	0.037	0.731	0.035
25:41:01	25.3	0.036	0.717	0.720	0.758	0.736	0.797	0.627	0.784	0.708	0.621	0.734	0.606	0.698	0.603	0.727	0.345	0.726	0.354	0.725	0.429	0.809	0.037	0.729	0.035
25:56:26	25.2	0.036	0.720	0.722	0.759	0.739	0.810	0.619	0.786	0.706	0.622	0.737	0.606	0.697	0.603	0.727	0.336	0.730	0.407	0.717	0.460	0.810	0.037	0.726	0.035
26:11:51	25.2	0.036	0.722	0.721	0.763	0.743	0.808	0.615	0.793	0.707	0.653	0.735	0.604	0.695	0.608	0.730	0.340	0.741	0.435	0.707	0.416	0.802	0.037	0.730	0.035
26:27:15	25.2	0.036	0.725	0.728	0.765	0.748	0.810	0.618	0.793	0.705	0.624	0.735	0.610	0.683	0.603	0.747	0.346	0.738	0.405	0.697	0.399	0.798	0.037	0.732	0.035
26:42:40	25.2	0.036	0.724	0.724	0.769	0.748	0.811	0.615	0.797	0.702	0.630	0.729	0.609	0.682	0.605	0.764	0.354	0.734	0.379	0.702	0.440	0.794	0.037	0.733	0.035
26:58:05	25.2	0.036	0.724	0.727	0.769	0.747	0.814	0.613	0.798	0.705	0.628	0.723	0.616	0.682	0.598	0.742	0.364	0.735	0.408	0.694	0.446	0.790	0.037	0.727	0.035
27:13:30	25.2	0.036	0.725	0.724	0.771	0.747	0.819	0.603	0.802	0.701	0.627	0.716	0.614	0.676	0.602	0.741	0.439	0.731	0.362	0.692	0.396	0.783	0.036	0.731	0.035
27:28:54	25.2	0.036	0.727	0.725	0.774	0.746	0.817	0.609	0.804	0.697	0.627	0.710	0.618	0.674	0.606	0.760	0.423	0.746	0.381	0.701	0.471	0.784	0.036	0.729	0.035
27:44:19	25.2	0.036	0.730	0.724	0.776	0.747	0.810	0.604	0.806	0.694	0.630	0.702	0.619	0.670	0.599	0.762	0.391	0.744	0.343	0.685	0.457	0.769	0.036	0.727	0.035
27:59:44	25.2	0.036	0.732	0.722	0.779	0.741	0.824	0.599	0.810	0.689	0.635	0.694	0.615	0.660	0.600	0.796	0.379	0.763	0.379	0.681	0.450	0.765	0.036	0.728	0.035
28:15:08	25.2	0.036	0.732	0.718	0.786	0.743	0.820	0.608	0.812	0.682	0.629	0.684	0.623	0.652	0.610	0.772	0.330	0.751	0.359	0.684	0.516	0.764	0.036	0.729	0.035
28:30:33	25.2	0.036	0.735	0.719	0.785	0.743	0.815	0.590	0.814	0.678	0.628	0.676	0.624	0.653	0.603	0.751	0.384	0.732	0.364	0.668	0.442	0.760	0.036	0.728	0.035
28:45:58	25.2	0.036	0.736	0.716	0.786	0.741	0.807	0.590	0.815	0.675	0.636	0.670	0.630	0.649	0.606	0.724	0.395	0.736	0.350	0.668	0.565	0.750	0.036	0.729	0.035
29:01:22	25.2	0.036	0.736	0.711	0.786	0.739	0.808	0.596	0.820	0.665	0.638	0.659	0.622	0.646	0.612	0.720	0.434	0.724	0.345	0.663	0.425	0.749	0.036	0.731	0.035
29:16:47	25.2	0.036	0.742	0.711	0.784	0.736	0.810	0.589	0.822	0.651	0.637	0.650	0.628	0.632	0.608	0.712	0.421	0.704	0.363	0.655	0.448	0.753	0.036	0.730	0.035
29:32:11	25.2	0.036	0.747	0.709	0.793	0.735	0.806	0.583	0.824	0.649	0.639	0.643	0.631	0.624	0.610	0.694	0.370	0.689	0.373	0.634	0.476	0.746	0.036	0.737	0.035
29:47:36	25.2	0.036	0.748	0.707	0.789	0.730	0.796	0.576	0.821	0.639	0.638	0.635	0.629	0.623	0.605	0.680	0.429	0.680	0.368	0.631	0.447	0.759	0.036	0.738	0.035
30:03:01	25.2	0.036	0.753	0.707	0.787	0.729	0.779	0.571	0.826	0.635	0.643	0.625	0.638	0.613	0.613	0.664	0.351	0.662	0.353	0.619	0.428	0.745	0.036	0.735	0.035
30:18:25	25.2	0.036	0.753	0.698	0.782	0.726	0.771	0.572	0.829	0.625	0.641	0.616	0.632	0.603	0.606	0.646	0.413	0.645	0.393	0.609	0.571	0.735	0.036	0.742	0.035
30:33:50	25.2	0.036	0.751	0.699	0.777	0.725	0.759	0.565	0.831	0.617	0.643	0.605	0.636	0.588	0.601	0.633	0.382	0.634	0.371	0.601	0.415	0.746	0.036	0.744	0.036
30:49:15	25.2	0.036	0.757	0.695	0.774	0.720	0.756	0.553	0.826	0.609	0.645	0.598	0.637	0.580	0.616	0.624	0.428	0.624	0.403	0.597	0.536	0.726	0.036	0.752	0.035
31:04:39	25.2	0.036	0.756	0.698	0.773	0.716	0.751	0.550	0.821	0.600	0.645	0.590	0.638	0.568	0.613	0.617	0.356	0.617	0.385	0.576	0.529	0.731	0.036	0.739	0.035
31:20:04	25.2	0.036	0.757	0.695	0.773	0.711	0.745	0.544	0.824	0.592	0.649	0.581	0.641	0.548	0.601	0.608	0.383	0.598	0.349	0.579	0.440	0.724	0.036	0.738	0.036
31:35:29	25.2	0.035	0.755	0.692	0.769	0.702	0.740	0.540	0.816	0.588	0.651	0.570	0.639	0.551	0.596	0.601	0.446	0.589	0.395	0.562	0.497	0.729	0.036	0.735	0.035
31:50:54	25.2	0.035	0.756	0.688	0.769	0.698	0.734	0.529	0.820	0.578	0.653	0.563	0.643	0.541	0.603	0.599	0.349	0.585	0.416	0.546	0.457	0.732	0.036	0.739	0.035
32:06:18	25.2	0.035	0.759	0.686	0.763	0.690	0.730	0.528	0.818	0.565	0.655	0.558	0.646	0.521	0.602	0.592	0.378	0.582	0.419	0.538	0.689	0.717	0.036	0.739	0.035
32:21:43	25.2	0.035	0.756	0.692	0.762	0.686	0.723	0.519	0.813	0.556	0.656	0.546	0.651	0.512	0.609	0.579	0.394	0.573	0.386	0.541	0.447	0.726	0.036	0.738	0.035
32:37:08	25.2	0.036	0.753	0.688	0.761	0.683	0.718	0.514	0.811	0.550	0.657	0.541	0.655	0.506	0.593	0.567	0.417	0.557	0.448	0.529	0.458	0.718	0.036	0.731	0.035
32:52:32	25.2	0.036	0.753	0.690	0.758	0.676	0.715	0.516	0.802	0.539	0.654	0.533	0.653	0.491	0.600	0.572	0.371	0.548	0.405	0.501	0.378	0.720	0.036	0.734	0.035
33:07:57	25.2	0.035	0.749	0.681	0.756	0.676	0.714	0.504	0.801	0.530	0.660	0.523	0.657	0.477	0.606	0.561	0.390	0.550	0.442	0.514	0.578	0.709	0.036	0.728	0.035
33:23:21	25.2	0.036	0.750	0.690	0.752	0.679	0.710	0.506	0.793	0.520	0.665	0.517	0.701	0.477	0.596	0.550	0.478	0.550	0.406	0.580	0.426	0.712	0.036	0.727	0.035
33:38:46	25.2	0.036	0.749	0.681	0.750	0.682	0.706	0.503	0.792	0.512	0.659	0.508	0.663	0.465	0.599	0.555	0.356	0.551	0.472	0.480	0.474	0.709	0.036	0.730	0.035
33:54:11	25.2	0.036	0.747	0.686	0.752	0.692	0.704	0.492	0.785	0.505	0.666	0.503	0.669	0.457	0.596	0.555	0.363	0.547	0.484	0.462	0.443	0.700	0.036	0.729	0.035
34:09:36	25.2	0.036	0.746	0.685	0.749	0.694	0.702	0.487	0.781	0.499	0.665	0.498	0.665	0.446	0.600	0.550	0.412	0.545	0.419	0.462	0.424	0.694	0.036	0.733	0.035
34:25:00	25.2	0.036	0.744	0.686	0.746	0.703	0.700	0.484	0.767	0.492	0.664	0.493	0.671	0.436	0.599	0.546	0.402	0.540	0.435	0.458	0.420	0.688	0.036	0.725	0.036
34:40:25	25.2	0.036	0.740	0.684	0.745	0.702	0.698	0.485	0.765	0.485	0.666	0.487	0.667	0.418	0.598	0.545	0.383	0.540	0.492	0.451	0.418	0.684	0.036	0.717	0.036
34:55:50	25.2	0.036	0.736	0.681	0.744	0.702	0.698	0.485	0.758	0.481	0.666	0.485	0.673	0.420	0.593	0.544	0.306	0.535	0.398	0.454	0.469	0.680	0.035	0.718	0.036
35:11:14	25.2	0.036	0.740	0.677	0.740	0.697	0.698	0.473	0.753	0.475	0.670	0.482	0.672	0.413	0.595	0.534	0.367	0.531	0.457	0.440	0.526	0.672	0.036	0.707	0.036

Results
	1	2	3	4	5	6
A	0.026	1.578	1.500	1.926	1.440	1.829	Max V [600]
	1.000	1.000	1.000	1.000	1.000	1.000	R-Squared [600]
	5:46:43	8:51:38	10:39:31	9:07:03	12:58:13	9:07:03	t at Max V [600]
	5:00:31	6:46:26	7:27:53	6:48:07	7:44:53	6:41:08	Lagtime [600]
B	1.799	1.965	2.069	2.110	1.714	2.818	Max V [600]
	1.000	1.000	1.000	1.000	1.000	1.000	R-Squared [600]
	11:56:34	10:08:42	3:58:51	5:46:43	10:39:31	33:15:39	t at Max V [600]
	8:44:14	7:12:31	3:45:11	5:28:47	7:28:29	29:28:48	Lagtime [600]
C	4.123	1.544	3.325	-12.532	1.955	-9.937	Max V [600]
	1.000	1.000	1.000	1.000	1.000	1.000	R-Squared [600]
	3:43:26	12:42:48	4:29:40	25:02:30	11:10:20	23:45:27	t at Max V [600]
	3:33:58	8:25:03	4:15:10	25:32:05	8:01:31	24:20:19	Lagtime [600]
D	-6.480	-15.730	1.771	0.039	1.857	0.026	Max V [600]
	1.000	1.000	1.000	1.000	1.000	1.000	R-Squared [600]
	33:31:04	32:14:01	9:07:03	0:07:43	11:10:20	1:24:45	t at Max V [600]
	34:46:10	32:47:39	6:50:11	0:00:00	7:28:58	1:13:12	Lagtime [600]

