locus_tag p_1 p_2 p_2V p_2S p_3 p_4 q_1 q_2 q_2V q_2S q_3 q_4
G_04953 0 0 0 0 0 0 1 0 0 0 0 0
G_00704 0 0 0 0 0 0 1 0 0 0 0 0
G_00739 0 0 0 0 0 0 0 0 0 0 0 1
G_01264 0 0 0 0 0 0 1 0 0 0 0 0
G_00150 0 0 0 0 0 0 0 1 0 1 0 0
G_00615 0 0 0 0 0 0 1 0 0 0 0 0
G_04816 0 0 0 0 0 0 1 0 0 0 0 0
G_03742 0 0 0 0 0 0 0 1 0 1 0 0
G_01651 0 0 0 0 0 0 1 0 0 0 0 0
G_00268 0 0 0 0 0 0 0 0 0 0 0 1
G_01716 0 0 0 0 0 0 1 0 0 0 0 0
G_02357 0 0 0 0 0 0 0 0 0 0 0 1
G_03706 1 0 0 0 0 0 0 0 0 0 0 0
G_00601 0 0 0 0 0 0 1 0 0 0 0 0
G_02318 0 0 0 0 0 0 1 0 0 0 0 0
G_04460 0 0 0 0 0 1 0 0 0 0 0 0
G_04448 0 0 0 0 0 0 1 0 0 0 0 0
G_01062 0 0 0 0 0 0 0 0 0 0 0 1
G_01327 0 0 0 0 0 0 1 0 0 0 0 0
G_03572 0 0 0 0 0 0 1 0 0 0 0 0
G_03570 1 0 0 0 0 0 0 0 0 0 0 0
G_03965 0 0 0 0 0 0 1 0 0 0 0 0
G_01725 1 0 0 0 0 0 0 0 0 0 0 0
G_02856 0 0 0 0 0 0 1 0 0 0 0 0
G_05156 1 0 0 0 0 0 0 0 0 0 0 0
G_01539 0 0 0 0 0 0 0 1 0 1 0 0
G_02388 1 0 0 0 0 0 0 0 0 0 0 0
G_02217 0 0 0 0 0 0 1 0 0 0 0 0
G_01578 0 1 0 1 0 0 0 0 0 0 0 0
G_01312 0 0 0 0 0 0 1 0 0 0 0 0
G_02445 1 0 0 0 0 0 0 0 0 0 0 0
G_03181 0 0 0 0 0 0 0 1 1 0 0 0
G_03169 0 0 0 0 0 0 1 0 0 0 0 0
G_00711 0 0 0 0 0 0 1 0 0 0 0 0
G_01216 1 0 0 0 0 0 0 0 0 0 0 0
G_01405 0 0 0 0 0 0 1 0 0 0 0 0
G_02308 0 0 0 0 0 0 1 0 0 0 0 0
G_01211 0 0 0 0 0 0 1 0 0 0 0 0
G_00831 0 0 0 0 0 0 1 0 0 0 0 0
G_01331 0 0 0 0 0 0 1 0 0 0 0 0
G_00850 1 0 0 0 0 0 0 0 0 0 0 0
G_04869 0 0 0 0 0 0 1 0 0 0 0 0
G_00113 0 0 0 0 0 0 0 0 0 0 0 1
