locus_tag p_1 p_2 p_2V p_2S p_3 p_4 q_1 q_2 q_2V q_2S q_3 q_4
G_01501 0 0 0 0 0 0 1 0 0 0 0 0
G_04652 1 0 0 0 0 0 0 0 0 0 0 0
G_00174 1 0 0 0 0 0 0 0 0 0 0 0
G_02777 0 0 0 0 0 0 1 0 0 0 0 0
G_03375 0 0 0 0 0 0 1 0 0 0 0 0
G_03769 0 0 0 0 0 0 0 1 0 1 0 0
G_03709 0 0 0 0 0 0 1 0 0 0 0 0
G_02450 0 0 0 0 0 0 1 0 0 0 0 0
G_01066 1 0 0 0 0 0 0 0 0 0 0 0
G_02008 1 0 0 0 0 0 0 0 0 0 0 0
G_01899 0 0 0 0 0 0 1 0 0 0 0 0
G_00211 0 0 0 0 0 0 0 0 0 0 0 1
G_04288 0 0 0 0 0 0 1 0 0 0 0 0
G_00787 0 0 0 0 0 0 1 0 0 0 0 0
G_00865 1 0 0 0 0 0 0 0 0 0 0 0
G_00106 0 0 0 0 0 0 0 0 0 0 0 1
G_02836 0 0 0 0 0 1 0 0 0 0 0 0
G_03127 0 0 0 0 0 1 0 0 0 0 0 0
G_02030 1 0 0 0 0 0 0 0 0 0 0 0
G_03738 0 1 0 1 0 0 0 0 0 0 0 0
G_05290 0 0 0 0 0 0 1 0 0 0 0 0
G_02217 0 0 0 0 0 0 1 0 0 0 0 0
G_00899 0 0 0 0 0 1 0 0 0 0 0 0
G_01723 0 0 0 0 0 0 0 1 0 1 0 0
G_00738 1 0 0 0 0 0 0 0 0 0 0 0
G_02383 0 0 0 0 0 0 1 0 0 0 0 0
G_04901 0 1 0 1 0 1 0 0 0 0 0 0
G_04902 0 2 0 2 0 0 0 0 0 0 0 0
G_03913 1 0 0 0 0 0 0 0 0 0 0 0
G_01138 1 0 0 0 0 0 0 0 0 0 0 0
G_00813 1 0 0 0 0 0 0 0 0 0 0 0
G_00077 1 0 0 0 0 0 0 0 0 0 0 0
G_01675 0 0 0 0 0 0 1 0 0 0 0 0
G_04727 0 0 0 0 0 0 1 0 0 0 0 0
G_04574 0 0 0 0 0 1 0 0 0 0 0 0
