locus_tag p_1 p_2 p_2V p_2S p_3 p_4 q_1 q_2 q_2V q_2S q_3 q_4
G_03157 1 0 0 0 0 0 0 0 0 0 0 0
G_05163 0 0 0 0 0 0 0 0 0 0 0 1
G_02373 0 0 0 0 0 1 0 0 0 0 0 0
G_03501 0 0 0 0 0 0 1 0 0 0 0 0
G_01403 1 0 0 0 0 0 0 0 0 0 0 0
G_01835 0 0 0 0 0 0 1 0 0 0 0 0
G_03238 0 0 0 0 0 0 1 0 0 0 0 0
G_01048 1 0 0 0 0 0 0 0 0 0 0 0
G_01715 1 0 0 0 0 0 0 0 0 0 0 0
G_02244 0 0 0 0 0 0 0 0 0 0 1 0
G_03395 0 1 0 1 0 0 0 0 0 0 0 0
G_02759 1 0 0 0 0 0 0 0 0 0 0 0
G_04858 1 0 0 0 0 0 0 0 0 0 0 0
G_03572 0 0 0 0 0 0 0 0 0 0 0 1
G_04703 1 0 0 0 0 0 0 0 0 0 0 0
G_01941 0 0 0 0 0 0 1 0 0 0 0 0
G_00287 0 0 0 0 0 0 1 0 0 0 0 0
G_00156 0 0 0 0 0 0 1 0 0 0 0 0
G_03798 0 0 0 0 0 0 1 0 0 0 0 0
G_05254 1 0 0 0 0 0 0 0 0 0 0 0
G_04318 0 0 0 0 0 0 1 0 0 0 0 0
G_01782 1 0 0 0 0 0 0 0 0 0 0 0
G_04070 0 0 0 0 0 1 0 0 0 0 0 0
G_00004 0 0 0 0 0 0 1 0 0 0 0 0
G_00458 0 0 0 0 0 1 0 0 0 0 0 0
G_01537 0 0 0 0 0 0 1 0 0 0 0 0
G_03653 0 0 0 0 0 0 0 0 0 0 0 1
G_00851 1 0 0 0 0 0 0 0 0 0 0 0
G_02441 0 0 0 0 0 0 0 0 0 0 0 1
G_02298 0 0 0 0 0 0 1 0 0 0 0 0
G_02272 0 0 0 0 0 1 0 0 0 0 0 0
G_04514 1 0 0 0 0 0 0 0 0 0 0 0
G_01072 1 0 0 0 0 0 0 0 0 0 0 0
G_03284 1 0 0 0 0 0 0 0 0 0 0 0
G_01871 0 0 0 0 0 0 1 0 0 0 0 0
