locus_tag p_1 p_2 p_2V p_2S p_3 p_4 q_1 q_2 q_2V q_2S q_3 q_4
G_04328 1 0 0 0 0 0 0 0 0 0 0 0
G_01755 1 0 0 0 0 0 0 0 0 0 0 0
G_01402 1 0 0 0 0 0 0 0 0 0 0 0
G_03440 1 0 0 0 0 0 0 0 0 0 0 0
G_04596 1 0 0 0 0 0 0 0 0 0 0 0
G_03253 0 1 0 1 0 0 0 0 0 0 0 0
G_04230 0 0 0 0 0 1 0 0 0 0 0 0
G_00355 0 0 0 0 0 1 0 0 0 0 0 0
G_00534 0 0 0 0 0 0 0 1 0 1 0 0
G_01716 1 0 0 0 0 0 0 0 0 0 0 0
G_00880 1 0 0 0 0 0 0 0 0 0 0 0
G_02956 0 0 0 0 0 0 1 0 0 0 0 0
G_01021 0 0 0 0 0 0 0 1 0 1 0 0
G_04561 0 0 0 0 0 0 0 0 0 0 0 1
G_00863 0 0 0 0 0 0 0 1 0 1 0 0
G_04469 1 0 0 0 0 0 0 0 0 0 0 0
G_00906 1 0 0 0 0 0 0 0 0 0 0 0
G_04409 1 1 0 1 0 0 0 0 0 0 0 0
G_00061 1 0 0 0 0 0 0 0 0 0 0 0
G_03944 1 0 0 0 0 0 0 0 0 0 0 0
G_02931 0 0 0 0 0 0 1 0 0 0 0 0
G_01965 4 0 0 0 0 1 2 3 0 3 0 0
G_04546 0 0 0 0 0 1 0 0 0 0 0 0
G_00381 0 0 0 0 0 0 1 0 0 0 0 0
G_02587 1 0 0 0 0 0 0 0 0 0 0 0
G_00168 0 0 0 0 0 1 0 0 0 0 0 0
G_05075 0 1 0 1 0 0 0 0 0 0 0 0
G_02748 1 0 0 0 0 0 0 0 0 0 0 0
G_04761 0 0 0 0 0 0 0 1 0 1 0 0
G_02155 1 0 0 0 0 0 0 0 0 0 0 0
G_01639 1 0 0 0 0 0 0 0 0 0 0 0
G_00587 1 0 0 0 0 0 1 0 0 0 0 0
G_01902 0 0 0 0 0 0 0 0 0 0 0 1
G_00458 0 0 0 0 0 0 0 0 0 0 0 1
G_04427 0 0 0 0 0 0 0 1 0 1 0 0
G_02300 1 0 0 0 0 0 0 0 0 0 0 0
G_02777 0 1 0 1 0 0 0 0 0 0 0 0
G_00582 1 0 0 0 0 0 0 0 0 0 0 0
G_01457 0 0 0 0 0 0 0 0 0 0 0 1
G_01116 0 0 0 0 0 0 1 0 0 0 0 0
G_01331 0 0 0 0 0 0 0 1 0 1 0 0
G_04203 0 0 0 0 0 0 1 0 0 0 0 0
G_04532 1 0 0 0 0 0 0 0 0 0 0 0
G_00290 0 0 0 0 0 0 0 1 0 1 0 0
G_02805 0 0 0 0 0 1 0 0 0 0 0 0
G_02804 1 0 0 0 0 0 0 0 0 0 0 0
G_00153 0 0 0 0 0 0 0 0 0 0 0 1
G_02845 0 0 0 0 0 0 1 0 0 0 0 0
