locus_tag p_1 p_2 p_2V p_2S p_3 p_4 q_1 q_2 q_2V q_2S q_3 q_4
G_03615 1 0 0 0 0 0 0 0 0 0 0 0
G_05088 0 0 0 0 0 0 1 0 0 0 0 0
G_04327 1 0 0 0 0 0 0 0 0 0 0 0
G_01020 0 0 0 0 0 0 0 1 0 1 0 0
G_03816 1 0 0 0 0 0 0 0 0 0 0 0
G_01260 1 0 0 0 0 0 0 0 0 0 0 0
G_00239 0 0 0 0 0 0 0 0 0 0 1 0
G_01029 0 0 0 0 0 0 1 0 0 0 0 0
G_04901 0 0 0 0 0 0 0 0 0 0 0 1
G_04714 0 0 0 0 0 1 0 0 0 0 0 0
G_00850 2 0 0 0 0 0 0 0 0 0 0 0
G_03403 0 0 0 0 0 0 1 0 0 0 0 0
G_02465 0 0 0 0 0 0 0 0 0 0 0 1
G_01858 1 0 0 0 0 0 0 0 0 0 0 0
G_01716 0 0 0 0 0 0 1 1 0 1 0 0
G_03736 1 0 0 0 0 0 0 0 0 0 0 0
G_04933 0 1 1 0 0 0 0 0 0 0 0 0
G_02530 0 0 0 0 0 1 0 0 0 0 0 0
G_01715 0 0 0 0 0 0 0 1 0 1 0 0
