locus_tag p_1 p_2 p_2V p_2S p_3 p_4 q_1 q_2 q_2V q_2S q_3 q_4
G_05317 0 0 0 0 0 1 0 0 0 0 0 0
G_00065 1 0 0 0 0 0 0 0 0 0 0 0
G_01363 0 0 0 0 0 0 1 0 0 0 0 0
G_00821 0 0 0 0 0 0 1 0 0 0 0 0
G_01138 0 1 0 1 0 0 0 0 0 0 0 0
G_03716 0 0 0 0 0 0 1 0 0 0 0 0
G_04698 0 0 0 0 0 0 1 0 0 0 0 0
G_04959 0 0 0 0 0 0 0 1 0 1 0 0
G_02775 0 0 0 0 0 0 1 0 0 0 0 0
G_01585 0 0 0 0 0 0 1 0 0 0 0 0
G_00355 0 0 0 0 0 0 1 0 0 0 0 0
G_01652 0 0 0 0 0 0 1 0 0 0 0 0
G_04803 0 0 0 0 0 0 1 0 0 0 0 0
G_04247 0 0 0 0 0 0 0 1 0 1 0 0
G_01840 0 0 0 0 0 0 0 0 0 0 0 1
G_04014 0 0 0 0 0 0 1 0 0 0 0 0
G_00589 1 0 0 0 0 0 0 0 0 0 0 0
