locus_tag p_1 p_2 p_2V p_2S p_3 p_4 q_1 q_2 q_2V q_2S q_3 q_4
G_04997 0 0 0 0 0 0 1 0 0 0 0 0
G_01432 1 0 0 0 0 0 0 0 0 0 0 0
G_01031 0 0 0 0 0 0 0 1 0 1 0 0
G_04506 1 0 0 0 0 0 0 0 0 0 0 0
G_02161 1 0 0 0 0 0 0 0 0 0 0 0
G_01863 0 0 0 0 0 0 0 0 0 0 0 1
G_01135 1 0 0 0 0 0 0 0 0 0 0 0
G_01099 1 0 0 0 0 0 0 0 0 0 0 0
G_00255 1 0 0 0 0 0 0 0 0 0 0 0
G_02660 0 0 0 0 0 0 1 0 0 0 0 0
G_00326 1 0 0 0 0 0 0 0 0 0 0 0
G_02813 0 0 0 0 0 1 0 0 0 0 0 0
G_00330 0 0 0 0 0 1 0 0 0 0 0 0
G_03889 1 0 0 0 0 0 0 0 0 0 0 0
G_05122 1 0 0 0 0 0 0 0 0 0 0 0
G_03203 1 0 0 0 0 0 0 0 0 0 0 0
