locus_tag p_1 p_2 p_2V p_2S p_3 p_4 q_1 q_2 q_2V q_2S q_3 q_4
G_04774 1 0 0 0 0 0 0 0 0 0 0 0
G_02226 1 0 0 0 0 0 0 0 0 0 0 0
G_03604 1 0 0 0 0 0 0 0 0 0 0 0
G_04758 0 0 0 0 0 0 1 0 0 0 0 0
G_04891 0 0 0 0 0 0 0 0 0 0 0 1
G_02868 0 0 0 0 0 0 0 0 0 0 0 1
G_02574 0 0 0 0 0 0 1 0 0 0 0 0
G_02170 1 0 0 0 0 0 0 0 0 0 0 0
G_03170 0 0 0 0 0 0 0 0 0 0 0 1
G_02121 0 0 0 0 0 0 1 0 0 0 0 0
G_02534 0 0 0 0 0 0 1 0 0 0 0 0
G_00864 1 0 0 0 0 0 0 0 0 0 0 0
G_03792 1 0 0 0 0 0 0 0 0 0 0 0
G_02810 0 0 0 0 0 0 0 0 0 0 0 1
G_03883 0 0 0 0 0 0 1 0 0 0 0 0
G_02919 0 0 0 0 0 0 1 0 0 0 0 0
G_02726 1 0 0 0 0 0 0 0 0 0 0 0
G_05274 1 0 0 0 0 0 0 0 0 0 0 0
G_02939 1 0 0 0 0 0 0 0 0 0 0 0
G_00385 1 0 0 0 0 0 0 0 0 0 0 0
G_03371 0 0 0 0 0 0 0 1 1 0 0 0
G_05071 0 0 0 0 0 0 1 0 0 0 0 0
G_01787 0 0 0 0 0 0 1 0 0 0 0 0
G_03227 1 0 0 0 0 0 0 0 0 0 0 0
G_04298 0 0 0 0 0 1 0 0 0 0 0 0
G_00186 1 0 0 0 0 0 0 0 0 0 0 0
G_04539 1 0 0 0 0 0 0 0 0 0 0 0
G_05207 1 0 0 0 0 0 0 0 0 0 0 0
G_00041 0 0 0 0 0 1 0 0 0 0 0 0
G_04989 0 0 0 0 0 0 1 0 0 0 0 0
G_03974 0 0 0 0 0 1 0 0 0 0 0 0
G_04274 0 0 0 0 0 0 1 0 0 0 0 0
G_05322 0 0 0 0 0 0 1 0 0 0 0 0
