locus_tag p_1 p_2 p_2V p_2S p_3 p_4 q_1 q_2 q_2V q_2S q_3 q_4
G_04953 1 0 0 0 0 0 0 0 0 0 0 0
G_02437 0 0 0 0 0 0 1 0 0 0 0 0
G_02379 1 0 0 0 0 0 0 0 0 0 0 0
G_04493 1 0 0 0 0 0 0 0 0 0 0 0
G_03082 0 0 0 0 0 0 1 0 0 0 0 0
G_02317 0 0 0 0 0 0 1 0 0 0 0 0
G_00540 1 0 0 0 0 0 0 0 0 0 0 0
G_01993 0 0 0 0 0 0 1 0 0 0 0 0
G_03646 1 0 0 0 0 0 0 0 0 0 0 0
G_00727 0 0 0 0 0 0 1 0 0 0 0 0
G_01589 0 0 0 0 0 0 0 0 0 0 0 1
G_05315 0 0 0 0 0 0 1 0 0 0 0 0
G_04686 0 0 0 0 0 0 0 1 0 1 0 0
G_00477 0 1 0 1 0 0 0 0 0 0 0 0
G_01580 0 0 0 0 0 0 0 1 0 1 0 0
G_00014 1 0 0 0 0 0 0 0 0 0 0 0
G_02936 0 0 0 0 0 0 0 1 0 1 0 0
G_04708 0 0 0 0 0 0 1 0 0 0 0 0
G_00043 0 0 0 0 0 0 0 0 0 0 0 1
G_02503 1 0 0 0 0 0 0 0 0 0 0 0
G_00115 0 0 0 0 0 0 1 0 0 0 0 0
G_02628 0 0 0 0 0 0 1 0 0 0 0 0
G_03362 0 1 0 1 0 0 0 0 0 0 0 0
G_03677 0 0 0 0 0 1 0 0 0 0 0 0
G_02985 0 0 0 0 0 0 1 0 0 0 0 0
G_01952 0 0 0 0 0 0 1 0 0 0 0 0
G_01666 1 0 0 0 0 0 0 0 0 0 0 0
G_00201 1 0 0 0 0 0 0 0 0 0 0 0
G_03227 1 0 0 0 0 0 0 0 0 0 0 0
G_03325 1 0 0 0 0 0 0 0 0 0 0 0
G_01237 0 0 0 0 0 0 1 0 0 0 0 0
G_02249 1 0 0 0 0 0 0 0 0 0 0 0
G_02455 0 0 0 0 0 1 0 0 0 0 0 0
G_03286 0 0 0 0 0 0 0 0 0 0 0 1
G_00812 0 0 0 0 0 0 1 0 0 0 0 0
G_04717 0 0 0 0 0 0 0 0 0 0 0 1
G_00028 1 0 0 0 0 0 0 0 0 0 0 0
G_01972 1 0 0 0 0 0 0 0 0 0 0 0
G_02403 0 0 0 0 0 0 1 0 0 0 0 0
