locus_tag p_1 p_2 p_2V p_2S p_3 p_4 q_1 q_2 q_2V q_2S q_3 q_4
G_00883 0 1 0 1 0 0 0 0 0 0 0 0
G_04774 0 0 0 0 0 0 1 0 0 0 0 0
G_03259 1 0 0 0 0 0 0 0 0 0 0 0
G_00692 1 0 0 0 0 0 0 0 0 0 0 0
G_03719 0 0 0 0 0 0 0 1 0 1 0 0
G_03444 0 0 0 0 0 0 1 0 0 0 0 0
G_03738 0 1 0 1 0 0 0 0 0 0 0 0
G_04327 0 0 0 0 0 1 0 0 0 0 0 0
G_04531 0 0 0 0 0 0 1 0 0 0 0 0
G_01972 1 0 0 0 0 0 0 0 0 0 0 0
G_01522 0 0 0 0 0 0 1 0 0 0 0 0
G_03665 1 0 0 0 0 0 0 0 0 0 0 0
G_01549 0 0 0 0 0 0 0 1 0 1 0 0
G_03461 0 0 0 0 0 0 1 0 0 0 0 0
G_02403 1 0 0 0 0 0 0 0 0 0 0 0
G_00344 0 0 0 0 0 1 0 0 0 0 0 0
G_05097 0 0 0 0 0 0 1 0 0 0 0 0
