locus_tag p_1 p_2 p_2V p_2S p_3 p_4 q_1 q_2 q_2V q_2S q_3 q_4
G_00562 0 0 0 0 0 0 1 0 0 0 0 0
G_01010 1 0 0 0 0 0 0 0 0 0 0 0
G_01747 1 0 0 0 0 0 0 0 0 0 0 0
G_04651 0 0 0 0 0 0 1 0 0 0 0 0
G_05284 1 0 0 0 0 0 0 0 0 0 0 0
G_04418 1 0 0 0 0 0 0 0 0 0 0 0
G_00709 1 0 0 0 0 0 0 0 0 0 0 0
G_04624 1 0 0 0 0 0 0 0 0 0 0 0
G_00366 0 0 0 0 0 0 1 0 0 0 0 0
G_04370 1 0 0 0 0 0 0 0 0 0 0 0
G_02469 1 0 0 0 0 0 0 0 0 0 0 0
G_03339 0 0 0 0 0 0 1 0 0 0 0 0
G_03691 0 0 0 0 0 0 1 0 0 0 0 0
G_01551 1 0 0 0 0 0 0 0 0 0 0 0
