Sample	Rep	b0	A	umax	L	z	umax_lw	umax_up	umax_lw_FI	umax_up_FI	TransferTime	Strain	Replicate	Day
L1J2-200	1	0.0595208080284	0.615452839591	0.0779306976286	5.70820129171	-4.65876035181	0.0752871873594	0.0805742078978	0.0752871387833	0.0805742564738	10	J	2	200
L0J1-100	2	0.058040284067	0.587146380914	0.0849006801412	4.20572452068	-4.29244613433	0.0809730576803	0.0888283026022	0.080972985508	0.0888283747745	1	J	1	100
L1J3-200	2	0.0607772483563	0.688195491579	0.0846593701808	4.63020339792	-3.90770976911	0.0799590388716	0.0893597014901	0.0799589525003	0.0893597878613	10	J	3	200
L0J1-100	3	-0.0459239131988	0.75768	0.0733023881027	1.62764128535	-2.6363036673	0.0685308188792	0.0780739573262	0.0685307311989	0.0780740450065	1	J	1	100
L1J3-200	3	0.0604765831393	0.638123082538	0.0848824489299	4.52929676093	-4.00707151007	0.079588607538	0.0901762903219	0.0795885102606	0.0901763875993	10	J	3	200
L0J1-100	1	0.0275156275551	0.66792	0.0626848954176	2.86589396305	-2.94865232713	0.0527581726104	0.0726116182247	0.0527579902012	0.0726118006339	1	J	1	100
L1J3-200	1	0.0692384626123	0.584956575088	0.0991994227537	4.93149637772	-3.64417849632	0.0907006114041	0.107698234103	0.0907004552336	0.107698390274	10	J	3	200
L0J2-100	2	0.0555619154657	0.818641094483	0.102177348024	3.9732892302	-4.36597205693	0.0989580607479	0.1053966353	0.0989580015917	0.105396694457	1	J	2	100
L2J1-100	2	0.0630717719308	0.92657079791	0.112918378394	4.51613184639	-3.69366622523	0.10818099816	0.117655758629	0.108180911107	0.117655845681	100	J	1	100
L0J2-100	3	0.0621852837558	0.740525968759	0.11622842487	4.20635565441	-3.79693095455	0.109478218764	0.122978630977	0.109478094725	0.122978755016	1	J	2	100
L2J1-100	3	0.0596142977887	0.886081114479	0.100696321334	4.39538128273	-3.8451231869	0.0969196915967	0.104472951071	0.0969196221989	0.104473020468	100	J	1	100
L0J2-100	1	0.0637372891274	0.605075604713	0.10065898173	4.32949612597	-3.58628557882	0.0914938129298	0.10982415053	0.0914936445146	0.109824318945	1	J	2	100
L2J1-100	1	0.0582153278526	0.904049262705	0.0999047961963	4.48815903288	-3.81002847952	0.0961160351091	0.103693557283	0.0961159654885	0.103693626904	100	J	1	100
L1J1-200	2	0.0387559736462	1.11221397269	0.0924419637179	3.84913802772	-4.15577858575	0.0903099382245	0.0945739892114	0.0903098990473	0.0945740283886	10	J	1	200
L1J1-200	3	0.0353794433664	1.12551430957	0.095761367023	3.86585277846	-4.06480962352	0.0933785087301	0.0981442253159	0.0933784649437	0.0981442691022	10	J	1	200
L1J1-200	1	0.0598911212618	0.876079144919	0.11010032313	4.6462773214	-4.17142692055	0.106936974835	0.113263671426	0.106936916707	0.113263729554	10	J	1	200
L1J2-200	2	0.0593542736934	0.660087005254	0.0832487661784	5.65338252302	-3.84604924702	0.077540312523	0.0889572198338	0.0775402076269	0.0889573247299	10	J	2	200
L1J2-200	3	0.060462287331	0.625579868971	0.0800896123437	5.54363966082	-3.87216116148	0.0745285183428	0.0856507063447	0.0745284161545	0.085650808533	10	J	2	200
L0B4-100	1	0.0496102386091	0.832519679919	0.0845902564086	6.93800267796	-4.64598789479	0.0828922340306	0.0862882787867	0.0828922028284	0.0862883099888	1	B	4	100
L0B1-100	2	0.0536654997702	0.779175393382	0.0912675083124	5.89583150252	-4.65007411369	0.0893874441678	0.0931475724571	0.0893874096205	0.0931476070044	1	B	1	100
L0B5-100	2	0.0478545265499	0.828506599313	0.066232587638	5.99571159457	-4.78628624093	0.0651113179635	0.0673538573125	0.0651112973595	0.0673538779164	1	B	5	100
L0B1-100	3	0.0533624729096	0.774921149064	0.0820221181211	5.84422194168	-4.74315294586	0.0804539556324	0.0835902806098	0.0804539268165	0.0835903094257	1	B	1	100
L0B5-100	3	0.0490117953559	0.848926664971	0.0692357021	6.11968633908	-4.55751611839	0.0677914588696	0.0706799453304	0.0677914323308	0.0706799718692	1	B	5	100
L0B1-100	1	0.0561453616634	0.782475386936	0.088158471006	6.40172175978	-3.80694352944	0.0840581890397	0.0922587529724	0.0840581136946	0.0922588283174	1	B	1	100
L0B5-100	1	0.0418572580778	0.881820128151	0.0679353073177	5.90963312795	-5.06588332979	0.0671261594654	0.06874445517	0.0671261445968	0.0687444700385	1	B	5	100
L0B2-100	2	0.0501262929899	0.746458501429	0.076872445118	5.94177984941	-4.92533200615	0.0756106657242	0.0781342245118	0.0756106425383	0.0781342476977	1	B	2	100
L1B1-200	2	0.0482819219886	0.516759544317	0.07773860832	7.45585972695	-4.39572947354	0.0742097599666	0.0812674566735	0.074209695122	0.0812675215181	10	B	1	200
L0B2-100	3	0.0494144104583	0.765100367622	0.0744394826921	6.06420729341	-4.87163055141	0.0731940220791	0.0756849433051	0.0731939991931	0.0756849661911	1	B	2	100
L1B1-200	3	0.0486139087067	0.48198833672	0.0717318141831	7.75223702603	-4.65740033158	0.0690231480782	0.0744404802879	0.0690230983049	0.0744405300612	10	B	1	200
L0B2-100	1	0.0517644457565	0.79364381146	0.0758786010253	7.23845490449	-4.67585717591	0.0743139389323	0.0774432631183	0.0743139101807	0.0774432918698	1	B	2	100
L1B1-200	1	0.0484597580336	0.489424695451	0.0836037069699	8.17236989432	-4.61501054982	0.0803031439166	0.0869042700231	0.0803030832669	0.0869043306729	10	B	1	200
L0B3-100	2	0.0491202678956	0.67674595355	0.0751228584458	6.82834495844	-4.77051521557	0.0735086975215	0.07673701937	0.0735086678604	0.0767370490312	1	B	3	100
L1B2-200	2	0.0492957944538	0.57003579357	0.0697355810746	6.54652582847	-4.33375035706	0.0666862986072	0.072784863542	0.0666862425749	0.0727849195743	10	B	2	200
L0B3-100	3	0.0491756220279	0.664780613822	0.076242802628	6.34834976523	-4.48963680078	0.074079671832	0.078405933424	0.0740796320833	0.0784059731728	1	B	3	100
L1B2-200	3	0.0466346048326	0.596188296549	0.0712165593568	6.5196241175	-4.45056682458	0.0685561830209	0.0738769356927	0.068556134135	0.0738769845786	10	B	2	200
L0B3-100	1	0.0505240365441	0.702018242774	0.0789882461063	7.07342328599	-4.09440590816	0.0758176537029	0.0821588385096	0.0758175954415	0.0821588967711	1	B	3	100
L1B2-200	1	0.0497994342565	0.624453933042	0.0704853667894	6.6718200745	-4.34832734237	0.0676526810748	0.073318052504	0.0676526290226	0.0733181045562	10	B	2	200
L0B4-100	2	0.0457747412134	0.867538420142	0.0778785129932	6.72715576221	-4.36018484295	0.0758614922125	0.0798955337738	0.0758614551486	0.0798955708377	1	B	4	100
L0B4-100	3	0.0521933115361	0.821696017439	0.0841378563437	7.24869257215	-4.68420908386	0.0824976329199	0.0857780797674	0.0824976027799	0.0857781099074	1	B	4	100
L2J2-100	1	0.0472698554161	0.599916671845	0.0757583100961	13.6468336237	-4.54472813143	0.0728550721683	0.0786615480239	0.0728550188196	0.0786616013726	100	J	2	100
L2B1-100	2	0.0389484441436	0.148961128071	0.037552861316	4.50851734765	-5.77088701448	0.0354539747194	0.0396517479127	0.0354539361512	0.0396517864809	100	B	1	100
L2J3-100	2	0.0406179927596	1.02838845945	0.1009357013	4.00939747986	-4.35606822907	0.0987945728853	0.103076829716	0.0987945335409	0.10307686906	100	J	3	100
L2B1-100	3	0.0402124286397	0.134990870616	0.0355786909454	4.7270678489	-5.83728953287	0.0332972347351	0.0378601471556	0.0332971928121	0.0378601890787	100	B	1	100
L2J3-100	3	0.0386091700286	1.0204930474	0.0984000179579	4.26441186437	-4.24394554247	0.0961192091311	0.100680826785	0.0961191672199	0.100680868696	100	J	3	100
L2B1-100	1	0.0408219660188	0.138258569532	0.0405207382233	4.93437774926	-5.59526466545	0.0377195216606	0.0433219547861	0.0377194701866	0.0433220062601	100	B	1	100
L2J3-100	1	0.0381244246428	1.04735008817	0.100316724207	4.13433040329	-4.30889012933	0.0981152447772	0.102518203637	0.0981152043237	0.10251824409	100	J	3	100
L2B2-100	2	0.042720833117	0.121568445071	0.0372059823898	3.99790207655	-5.37614826117	0.0332690592968	0.0411429054827	0.0332689869536	0.0411429778259	100	B	2	100
L2J4-200	2	0.0436543606395	1.12257414642	0.105189267821	5.97964586091	-4.12659370297	0.102828004939	0.107550530704	0.102827961549	0.107550574094	100	J	4	200
L2B2-100	3	0.0413006956658	0.123878638541	0.0336702784934	3.75044174045	-5.67933458716	0.0309652880763	0.0363752689104	0.0309652383706	0.0363753186162	100	B	2	100
L2J4-200	3	0.0429006934056	1.05591063097	0.0971145105402	6.19835145501	-4.09051843351	0.0947042962475	0.0995247248329	0.0947042519585	0.0995247691219	100	J	4	200
L2B2-100	1	0.0414951579446	0.118305681877	0.0309942646471	4.02375382316	-5.61504254653	0.0285114945939	0.0334770347002	0.0285114489716	0.0334770803225	100	B	2	100
L2J4-200	1	0.0416831044988	1.07921733975	0.0984497588188	6.09311543516	-4.18328750005	0.0962034761844	0.100696041453	0.0962034349077	0.10069608273	100	J	4	200
L2J1-100	2	0.0485401411402	0.703270259357	0.0821496143925	5.03023524176	-4.36980047605	0.078905374243	0.085393854542	0.0789053146282	0.0853939141568	100	J	1	100
L2J5-200	2	0.0452348877448	0.998923611336	0.103924003925	3.88795754278	-4.20492746776	0.101315212258	0.106532795591	0.10131516432	0.106532843529	100	J	5	200
L2J1-100	3	0.0446487582013	0.691522110208	0.0828974202481	5.54076067967	-4.40157076777	0.0795396925964	0.0862551478997	0.0795396308962	0.0862552095999	100	J	1	100
L2J5-200	3	0.0407802170531	0.988527855574	0.103026798193	3.53086023967	-4.18989842612	0.100362900793	0.105690695593	0.100362851842	0.105690744544	100	J	5	200
L2J1-100	1	0.0548400755638	0.540883854305	0.0941957073605	5.52361298261	-4.31932491973	0.088990481154	0.099400933567	0.088990385505	0.099401029216	100	J	1	100
L2J5-200	1	0.0405983074568	0.983681814343	0.099359066816	3.79060096522	-4.24763868983	0.0968900554876	0.101828078144	0.0968900101181	0.101828123514	100	J	5	200
L2J2-100	2	0.0475882240519	0.723386849502	0.079376552678	13.6642130459	-4.38080332682	0.0766033923019	0.0821497130541	0.0766033413435	0.0821497640125	100	J	2	100
L2J2-100	3	0.0464881762886	0.735930911	0.0700577980328	13.8323895205	-4.80431629086	0.0686648102974	0.0714507857681	0.0686647847004	0.0714508113651	100	J	2	100
L0P4-100	1	0.0263238785848	0.730711164771	0.0756082184784	2.3805419135	-3.61626386409	0.0716427251577	0.0795737117992	0.0716426522894	0.0795737846674	1	P	4	100
L0P1-100	2	0.0175641420987	0.755857834817	0.0688325093052	2.07760672196	-3.70390142103	0.0657672863548	0.0718977322556	0.0657672300295	0.0718977885808	1	P	1	100
L0P5-100	2	-0.0492923221573	0.835751683401	0.0560842033395	0.097253230617	-3.50647802272	0.0534001047436	0.0587683019354	0.0534000554218	0.0587683512573	1	P	5	100
L0P1-100	3	0.00439139505997	0.784699372432	0.063143021295	1.6397079559	-3.62871665196	0.0603604354073	0.0659256071828	0.0603603842757	0.0659256583144	1	P	1	100
L0P5-100	3	-0.0199204323957	0.79055680443	0.056982710377	0.745739210243	-3.48108890912	0.0541299132065	0.0598355075475	0.0541298607847	0.0598355599693	1	P	5	100
L0P1-100	1	0.0337748780138	0.708146572155	0.0763485376421	2.6992696233	-3.67229893972	0.0724848190491	0.0802122562351	0.0724847480511	0.0802123272332	1	P	1	100
L0P5-100	1	-0.0354830029374	0.84014103595	0.0567207726095	0.595064721715	-3.6357056434	0.0543697295644	0.0590718156546	0.0543696863626	0.0590718588563	1	P	5	100
L0P2-100	2	0.00964401327209	0.780327223771	0.062774652881	1.89745869544	-3.73000269693	0.0602492008385	0.0653001049235	0.0602491544319	0.0653001513301	1	P	2	100
L1P1-200	2	0.00959358904854	0.808710805041	0.0540585626362	2.33543143734	-3.61473462716	0.05175268045	0.0563644448224	0.0517526380781	0.0563644871943	10	P	1	200
L0P2-100	3	0.00908574523298	0.763759311156	0.066904809432	1.86692980682	-3.68610287294	0.0639013959507	0.0699082229134	0.0639013407612	0.0699082781028	1	P	2	100
L1P1-200	3	0.0232176331091	0.779332973157	0.0548258411917	3.03911052809	-4.19134870837	0.0534070064168	0.0562446759666	0.0534069803449	0.0562447020385	10	P	1	200
L0P2-100	1	-0.0116599797593	0.774687691362	0.0531038848156	1.29203493937	-3.52637264296	0.0504809552354	0.0557268143958	0.0504809070376	0.0557268625936	1	P	2	100
L1P1-200	1	0.0092386521214	0.789628351172	0.0525718782733	2.48584380289	-3.74451039286	0.0505040430488	0.0546397134978	0.0505040050512	0.0546397514955	10	P	1	200
L0P3-100	2	0.0174963666836	0.767813737986	0.0622255585133	2.07823609498	-3.79500712614	0.0598614446085	0.064589672418	0.0598614011666	0.06458971586	1	P	3	100
L1P2-200	2	0.0171028176923	0.808938653921	0.0586810801393	3.04687010034	-4.03698228296	0.0569794367842	0.0603827234943	0.0569794055156	0.060382754763	10	P	2	200
L0P3-100	3	0.0166322559399	0.759484652331	0.0670107518166	2.05733357142	-3.66110082029	0.0639949528697	0.0700265507634	0.0639948974526	0.0700266061805	1	P	3	100
L1P2-200	3	0.0105632616248	0.818624896471	0.0553654019738	2.85442610444	-3.76897688104	0.053299910524	0.0574308934236	0.0532998725694	0.0574309313782	10	P	2	200
L0P3-100	1	0.0264741225459	0.691095981899	0.0717336779495	2.59915821612	-3.82742088352	0.0684106445919	0.075056711307	0.0684105835292	0.0750567723697	1	P	3	100
L1P2-200	1	0.0248300629423	0.75240921121	0.0595586321585	3.26571952829	-3.82603620449	0.0572006262366	0.0619166380803	0.0572005829069	0.06191668141	10	P	2	200
L0P4-100	2	0.0300008877822	0.734033609087	0.0719176374871	2.78277452403	-3.53200264164	0.0680352910914	0.0757999838827	0.0680352197511	0.0758000552231	1	P	4	100
L0P4-100	3	0.0127948257202	0.737255076107	0.0617373222928	1.88610269487	-3.75858624472	0.0591135624046	0.0643610821809	0.0591135141915	0.064361130394	1	P	4	100
L0B4-300	1	0.049521359199	0.684421987129	0.0686034204106	5.65269434182	-4.44294287842	0.0667980149413	0.0704088258799	0.0667979817659	0.0704088590552	1	B	4	300
L0B1-300	2	0.0658309944662	0.651934846088	0.0625792945419	5.83665155417	-4.04694291176	0.0601572735355	0.0650013155484	0.0601572290295	0.0650013600544	1	B	1	300
L0B5-300	2	0.0448182630181	0.720940898239	0.0653966048998	4.74997800402	-4.36765396381	0.0637176529899	0.0670755568098	0.0637176221382	0.0670755876615	1	B	5	300
L0B1-300	3	0.0643063479924	0.66624689464	0.0599627194613	5.34789902453	-3.96382403665	0.0575775723785	0.0623478665442	0.0575775285501	0.0623479103726	1	B	1	300
L0B5-300	3	0.0529090488599	0.723226935844	0.0747814223606	5.39329843131	-3.7848987487	0.0713471061779	0.0782157385434	0.0713470430704	0.0782158016509	1	B	5	300
L0B1-300	1	0.0643240816175	0.609481287597	0.0608209287919	5.92805370327	-3.66205360181	0.0567290386636	0.0649128189202	0.0567289634728	0.064912894111	1	B	1	300
L0B5-300	1	0.0431453592272	0.757846658285	0.0681749089555	5.10664368218	-4.08192383758	0.0658889121782	0.0704609057328	0.0658888701717	0.0704609477393	1	B	5	300
L0B2-300	2	0.0612209498593	0.678593758612	0.0718723948852	6.29552170459	-4.22135309233	0.069266957975	0.0744778317953	0.0692669100986	0.0744778796717	1	B	2	300
L1B1-300	2	0.0512085663254	0.581181458738	0.0792946597059	6.95484477581	-4.40155484692	0.076367776908	0.0822215425038	0.0763677231249	0.082221596287	10	B	1	300
L0B2-300	3	0.05707578663	0.671871151547	0.0694866537609	5.89333189863	-4.20413027368	0.0669362014322	0.0720371060896	0.0669361545662	0.0720371529557	1	B	2	300
L1B1-300	3	0.043799126609	0.577522687616	0.0615152521514	6.60826908711	-3.99981950195	0.0582401707509	0.0647903335518	0.0582401105694	0.0647903937333	10	B	1	300
L0B2-300	1	0.0670513801	0.6580211973	0.0750322215923	7.62918272707	-3.89419531044	0.0708877841213	0.0791766590634	0.0708877079649	0.0791767352198	1	B	2	300
L1B1-300	1	0.0536628747068	0.548312857269	0.0774065738976	7.63298363268	-4.94527977818	0.0756779638168	0.0791351839785	0.0756779320526	0.0791352157427	10	B	1	300
L0B3-300	2	0.0665360466072	0.682530081634	0.0769744023154	6.68328920662	-4.1998212228	0.0739489588956	0.0799998457352	0.0739489033013	0.0799999013295	1	B	3	300
L1B2-300	2	0.0473987285672	0.370321544022	0.0498898156151	9.21126831339	-3.82527783381	0.0453331114168	0.0544465198135	0.0453330276847	0.0544466035456	10	B	2	300
L0B3-300	3	0.0624914261945	0.691367820799	0.0743563862947	6.21551602258	-4.18734133806	0.071542397716	0.0771703748734	0.0715423460074	0.077170426582	1	B	3	300
L1B2-300	3	0.0465292891646	0.352470508655	0.0365853356336	8.68236256713	-3.88592651403	0.0334459758226	0.0397246954446	0.0334459181351	0.0397247531321	10	B	2	300
L0B3-300	1	0.0684684097378	0.687838613051	0.0867120191976	7.21980106739	-3.71290568287	0.0814635152326	0.0919605231625	0.0814634187883	0.0919606196068	1	B	3	300
L1B2-300	1	0.0435093163381	0.413542848392	0.0409918115302	9.56885650324	-4.07289942085	0.0382034860919	0.0437801369685	0.0382034348548	0.0437801882055	10	B	2	300
L0B4-300	2	0.0585015339158	0.715219907193	0.0897203281633	6.38811778961	-3.66059641312	0.084820597337	0.0946200589895	0.0848205073017	0.0946201490249	1	B	4	300
L0B4-300	3	0.0610796310075	0.678527082828	0.0874406940767	6.46763997505	-4.36519510926	0.0848958980144	0.0899854901391	0.0848958512523	0.0899855369011	1	B	4	300
